(1, 339, 212, 677, 329)
(1, 248, 276, 497, 352)
(1, 461, 187, 625, 236)
(1, 337, 239, 568, 318)
(1, 35, 215, 985, 501)
(1, 412, 268, 578, 351)
(1, 537, 50, 892, 195)
(1, 169, 113, 519, 191)
(1, 455, 214, 880, 347)
(1, 307, 356, 753, 506)
(1, 65, 122, 967, 403)
(1, 530, 218, 706, 318)
(1, 217, 154, 755, 316)
(1, 387, 278, 660, 355)
(1, 98, 259, 507, 399)
(1, 298, 248, 692, 296)
(1, 297, 144, 764, 214)
(1, 50, 39, 946, 317)
(1, 19, 61, 985, 338)
(1, 726, 395, 998, 514)
(1, 263, 32, 687, 483)
(1, 310, 380, 745, 521)
(1, 470, 216, 644, 274)
(1, 306, 287, 693, 380)
(1, 242, 104, 965, 426)
(1, 492, 154, 954, 515)
(1, 369, 235, 518, 275)
(1, 241, 199, 798, 474)
(1, 464, 152, 556, 179)
(1, 395, 238, 718, 358)
(1, 217, 384, 625, 526)
(1, 311, 256, 725, 371)
(1, 424, 293, 779, 392)
(1, 476, 209, 1004, 441)
(1, 109, 29, 994, 385)
(1, 120, 224, 924, 482)
(1, 106, 36, 946, 295)
(1, 451, 396, 695, 470)
(1, 593, 280, 848, 482)
(1, 270, 141, 808, 481)
(1, 147, 369, 887, 579)
(1, 266, 64, 528, 138)
(1, 418, 323, 635, 469)
(1, 199, 31, 476, 210)
(1, 103, 113, 928, 355)
(1, 24, 55, 992, 375)
(1, 31, 118, 966, 219)
(1, 253, 391, 510, 468)
(1, 131, 639, 577, 784)
(1, 698, 258, 771, 321)
(1, 29, 64, 433, 176)
(1, 236, 372, 689, 497)
(1, 48, 310, 715, 597)
(1, 163, 94, 835, 390)
(1, 70, 88, 897, 379)
(1, 210, 450, 339, 473)
(1, 132, 81, 864, 336)
(1, 699, 260, 843, 309)
(1, 39, 58, 985, 372)
(1, 59, 59, 980, 376)
(1, 172, 268, 975, 493)
(1, 28, 337, 806, 464)
(1, 406, 816, 633, 888)
(1, 200, 230, 611, 383)
(1, 217, 70, 618, 292)
(1, 456, 188, 615, 238)
(1, 319, 278, 598, 379)
(1, 136, 77, 995, 390)
(1, 592, 233, 782, 279)
(1, 99, 449, 324, 674)
0
0
0
0
0
0
0
0
0
(1, 181, 89, 307, 208)
(1, 45, 149, 160, 205)
0
0
0
0
0
(1, 305, 19, 366, 238)
0
(1, 28, 26, 87, 89)
0
0
0
0
0
(1, 49, 21, 289, 109)
0
0
0
0
0
0
(1, 58, 91, 366, 204)
0
0
0
(1, 95, 181, 224, 268)
0
0
(1, 187, 150, 224, 203)
0
(1, 87, 152, 231, 250)
0
0
(1, 99, 142, 242, 318)
(1, 133, 182, 199, 270)
0
0
0
0
0
0
0
0
(1, 200, 274, 253, 304)
0
0
0
0
0
0
(1, 192, 113, 316, 250)
(1, 323, 175, 420, 332)
(1, 208, 100, 356, 239)
0
0
0
(1, 215, 161, 280, 248)
(1, 526, 355, 688, 566)
0
0
0
(1, 338, 284, 555, 330)
(1, 294, 170, 483, 319)
(1, 107, 62, 350, 287)
(1, 237, 27, 466, 182)
0
(1, 98, 207, 303, 303)
(1, 34, 257, 923, 600)
(1, 399, 148, 609, 309)
(1, 396, 181, 437, 221)
0
(1, 109, 442, 179, 519)
(1, 168, 126, 353, 304)
(1, 30, 204, 238, 400)
0
(1, 598, 605, 688, 657)
(1, 410, 37, 503, 160)
(1, 415, 150, 677, 380)
(1, 80, 728, 412, 971)
0
0
(1, 55, 40, 357, 362)
(1, 378, 308, 537, 392)
0
(1, 54, 40, 807, 283)
(1, 226, 379, 369, 500)
(1, 132, 83, 376, 273)
0
(1, 204, 526, 282, 627)
0
(1, 64, 275, 305, 361)
(1, 217, 158, 264, 220)
(1, 73, 115, 346, 359)
(1, 28, 73, 249, 333)
(1, 104, 560, 259, 637)
(1, 202, 148, 816, 561)
0
(1, 424, 307, 590, 383)
(1, 402, 215, 745, 533)
(1, 46, 67, 113, 101)
(1, 261, 715, 754, 828)
(1, 208, 303, 456, 454)
0
0
(1, 477, 181, 937, 466)
(1, 56, 22, 304, 239)
0
(1, 61, 59, 223, 186)
0
0
(1, 38, 12, 483, 361)
(1, 218, 120, 255, 184)
(1, 124, 49, 895, 586)
0
(1, 523, 18, 721, 231)
(1, 327, 183, 381, 217)
(1, 86, 21, 382, 299)
(1, 120, 76, 366, 296)
(1, 61, 89, 381, 281)
0
(1, 25, 114, 334, 473)
(1, 212, 42, 840, 686)
(1, 73, 147, 152, 218)
(1, 79, 98, 227, 238)
(1, 20, 28, 77, 68)
0
0
(1, 205, 148, 252, 171)
0
0
(1, 530, 339, 590, 414)
(1, 422, 361, 601, 515)
(1, 576, 378, 652, 438)
(1, 96, 78, 150, 123)
0
(1, 268, 634, 319, 669)
0
0
(1, 377, 261, 477, 303)
(1, 672, 37, 727, 114)
(1, 287, 239, 708, 501)
0
0
(1, 344, 260, 493, 427)
0
(1, 596, 147, 671, 233)
(1, 497, 142, 788, 371)
(1, 630, 259, 745, 423)
(1, 182, 605, 234, 672)
(1, 335, 272, 610, 323)
0
0
0
0
(1, 307, 292, 358, 388)
(1, 474, 226, 603, 383)
(1, 432, 310, 686, 482)
0
0
0
(1, 443, 591, 573, 697)
(1, 270, 376, 812, 674)
(1, 480, 309, 556, 388)
0
0
(1, 479, 48, 567, 106)
(1, 663, 16, 723, 116)
(1, 793, 69, 937, 134)
(1, 388, 361, 471, 417)
(1, 691, 47, 797, 219)
(1, 323, 371, 660, 597)
(1, 300, 194, 840, 583)
(1, 484, 304, 580, 387)
(1, 358, 163, 384, 195)
(1, 139, 209, 505, 497)
(1, 220, 192, 315, 251)
(1, 128, 133, 163, 165)
0
(1, 455, 347, 612, 406)
(1, 474, 330, 540, 409)
(1, 423, 197, 772, 580)
0
0
(1, 458, 14, 507, 75)
(1, 867, 257, 952, 342)
(1, 105, 167, 163, 216)
(1, 335, 324, 375, 357)
0
(1, 406, 74, 733, 555)
(1, 479, 322, 573, 394)
(1, 114, 709, 210, 795)
(1, 186, 280, 236, 330)
(1, 640, 100, 704, 163)
(1, 128, 132, 233, 209)
0
0
(1, 171, 126, 380, 354)
(1, 79, 75, 115, 104)
(1, 156, 713, 180, 739)
0
(1, 118, 788, 217, 948)
(1, 67, 416, 324, 605)
(1, 289, 703, 438, 925)
(1, 36, 14, 667, 748)
(1, 788, 529, 845, 623)
(1, 193, 268, 332, 490)
(1, 147, 515, 454, 1011)
(1, 309, 255, 518, 694)
(1, 206, 638, 428, 978)
(1, 533, 236, 820, 659)
(1, 337, 389, 602, 636)
(1, 211, 205, 549, 888)
(1, 467, 302, 683, 627)
(1, 315, 29, 553, 283)
(1, 357, 313, 523, 403)
(1, 418, 437, 470, 521)
(1, 553, 328, 816, 705)
(1, 14, 477, 302, 725)
(1, 299, 677, 398, 857)
(1, 244, 284, 581, 826)
(1, 428, 226, 532, 327)
(1, 92, 262, 278, 578)
(1, 284, 324, 505, 459)
(1, 177, 143, 390, 861)
(1, 113, 63, 458, 612)
(1, 156, 613, 379, 949)
(1, 351, 399, 595, 740)
(1, 205, 477, 374, 665)
(1, 89, 258, 657, 832)
(1, 487, 267, 618, 504)
(1, 109, 230, 393, 462)
(1, 175, 388, 472, 583)
(1, 295, 580, 433, 819)
(1, 96, 11, 953, 754)
(1, 303, 43, 880, 559)
(1, 322, 455, 526, 742)
(1, 39, 183, 483, 867)
(1, 455, 651, 598, 877)
(1, 160, 392, 316, 555)
(1, 91, 12, 672, 669)
(1, 255, 678, 464, 904)
(1, 210, 252, 498, 566)
(1, 701, 210, 1008, 713)
(1, 234, 56, 447, 907)
(1, 492, 195, 753, 661)
(1, 571, 141, 711, 270)
(1, 509, 186, 726, 412)
(1, 279, 605, 423, 854)
(1, 608, 188, 819, 352)
(1, 165, 347, 540, 622)
(1, 324, 227, 623, 598)
(1, 92, 448, 418, 986)
(1, 73, 29, 649, 778)
(1, 604, 298, 726, 510)
(1, 491, 684, 610, 883)
(1, 21, 311, 592, 1011)
(1, 302, 228, 541, 424)
(1, 255, 654, 578, 882)
(1, 360, 390, 527, 534)
(1, 109, 79, 956, 982)
(1, 397, 353, 521, 564)
(1, 754, 576, 836, 647)
(1, 586, 179, 845, 620)
(1, 351, 506, 701, 733)
(1, 268, 562, 396, 780)
(1, 343, 514, 658, 1010)
(1, 648, 361, 753, 527)
(1, 151, 326, 456, 608)
(1, 50, 341, 663, 708)
(1, 164, 173, 476, 547)
(1, 550, 184, 607, 237)
0
(1, 307, 258, 469, 444)
0
(1, 464, 213, 554, 303)
(1, 116, 152, 246, 297)
(1, 11, 503, 502, 962)
(1, 210, 482, 299, 587)
(1, 241, 273, 381, 424)
(1, 295, 216, 434, 307)
(1, 418, 320, 599, 505)
(1, 472, 129, 577, 260)
(1, 92, 87, 865, 928)
0
(1, 278, 279, 404, 421)
(1, 413, 253, 474, 325)
(1, 282, 73, 759, 589)
(1, 247, 280, 294, 750)
(1, 301, 146, 727, 380)
0
(1, 308, 669, 485, 841)
(1, 458, 524, 552, 622)
(1, 652, 197, 732, 281)
(1, 118, 294, 188, 356)
(1, 324, 607, 424, 721)
0
(1, 335, 207, 409, 323)
(1, 562, 700, 797, 969)
(1, 391, 382, 476, 483)
(1, 225, 468, 376, 667)
(1, 774, 136, 843, 202)
0
(1, 390, 337, 518, 461)
(1, 497, 46, 668, 211)
(1, 381, 522, 449, 629)
(1, 236, 84, 997, 703)
(1, 227, 10, 753, 551)
(1, 68, 359, 398, 579)
(1, 174, 537, 245, 600)
(1, 514, 162, 565, 299)
0
(1, 251, 78, 720, 712)
0
(1, 223, 398, 322, 519)
(1, 146, 439, 193, 482)
(1, 252, 148, 643, 536)
(1, 273, 252, 389, 367)
(1, 619, 180, 787, 387)
(1, 179, 413, 301, 500)
(1, 264, 277, 925, 425)
0
(1, 919, 430, 943, 471)
(1, 182, 104, 863, 724)
(1, 736, 509, 794, 582)
(1, 85, 361, 324, 528)
(1, 304, 394, 601, 580)
0
(1, 305, 284, 388, 369)
(1, 341, 286, 432, 388)
(1, 558, 451, 633, 531)
(1, 432, 378, 491, 541)
0
0
(1, 143, 629, 186, 678)
0
0
(1, 424, 308, 579, 470)
(1, 39, 142, 1009, 753)
(1, 313, 37, 509, 206)
0
(1, 188, 321, 535, 546)
(1, 262, 244, 697, 355)
(1, 608, 248, 758, 363)
(1, 15, 377, 534, 854)
(1, 61, 158, 316, 311)
(1, 499, 335, 576, 388)
(1, 261, 155, 322, 190)
(1, 45, 27, 747, 571)
(1, 198, 225, 419, 342)
0
(1, 184, 369, 503, 522)
(1, 75, 56, 622, 393)
0
(1, 273, 491, 499, 552)
(1, 36, 167, 960, 238)
(1, 257, 59, 579, 305)
(1, 219, 414, 314, 522)
(1, 192, 275, 599, 524)
(1, 87, 208, 572, 498)
(1, 326, 168, 619, 318)
(1, 274, 474, 329, 536)
(1, 391, 149, 728, 318)
0
(1, 804, 384, 907, 681)
(1, 210, 286, 545, 370)
(1, 450, 291, 586, 358)
(1, 447, 334, 726, 614)
(1, 101, 410, 328, 522)
(1, 442, 403, 575, 538)
(1, 287, 252, 372, 604)
(1, 122, 383, 592, 910)
(1, 36, 168, 398, 348)
(1, 123, 85, 581, 285)
(1, 181, 277, 461, 404)
(1, 211, 172, 726, 469)
(1, 156, 123, 296, 312)
(1, 165, 305, 508, 489)
(1, 409, 143, 546, 276)
(1, 261, 168, 748, 486)
(1, 182, 418, 425, 584)
(1, 350, 261, 494, 400)
(1, 291, 487, 463, 591)
(1, 29, 69, 563, 358)
(1, 526, 529, 643, 584)
(1, 192, 277, 504, 437)
0
(1, 380, 528, 430, 611)
(1, 238, 240, 543, 420)
(1, 333, 798, 489, 904)
(1, 369, 595, 393, 635)
(1, 77, 84, 534, 620)
(1, 277, 237, 519, 452)
(1, 124, 408, 164, 436)
(1, 239, 240, 445, 472)
(1, 331, 131, 530, 365)
(1, 288, 24, 664, 107)
0
(1, 107, 396, 436, 464)
(1, 302, 260, 533, 442)
(1, 222, 333, 519, 459)
(1, 464, 353, 633, 434)
(1, 383, 195, 654, 482)
(1, 228, 345, 524, 499)
(1, 370, 352, 511, 500)
(1, 60, 193, 472, 310)
(1, 196, 475, 346, 594)
0
(1, 167, 242, 620, 647)
(1, 78, 155, 497, 430)
0
(1, 715, 390, 899, 560)
(1, 221, 395, 375, 605)
(1, 315, 188, 530, 474)
(1, 210, 284, 461, 567)
(1, 390, 286, 508, 619)
(1, 219, 569, 427, 856)
(1, 428, 605, 592, 789)
(1, 680, 412, 785, 526)
(1, 456, 428, 612, 674)
(1, 143, 568, 327, 812)
(1, 371, 578, 564, 811)
(1, 434, 249, 598, 459)
(1, 372, 123, 662, 547)
(1, 447, 29, 793, 467)
(1, 136, 545, 330, 780)
(1, 113, 214, 552, 958)
(1, 314, 288, 470, 486)
(1, 52, 663, 231, 970)
(1, 657, 102, 916, 377)
(1, 525, 94, 998, 544)
(1, 354, 170, 739, 652)
(1, 153, 581, 359, 831)
(1, 165, 330, 312, 511)
(1, 169, 190, 420, 519)
(1, 443, 523, 593, 727)
(1, 513, 519, 669, 719)
(1, 344, 589, 657, 988)
(1, 532, 316, 605, 410)
(1, 190, 315, 540, 676)
(1, 93, 265, 591, 928)
(1, 332, 588, 556, 877)
(1, 223, 61, 558, 711)
(1, 129, 299, 385, 554)
(1, 109, 625, 267, 814)
(1, 444, 299, 639, 506)
(1, 709, 567, 789, 677)
(1, 584, 375, 924, 765)
(1, 126, 587, 574, 826)
(1, 468, 516, 736, 799)
(1, 328, 454, 534, 722)
(1, 70, 354, 484, 947)
(1, 349, 254, 575, 536)
(1, 148, 431, 409, 734)
(1, 622, 460, 686, 557)
(1, 398, 288, 611, 527)
(1, 397, 426, 649, 744)
(1, 161, 128, 699, 447)
(1, 376, 639, 463, 751)
(1, 272, 300, 492, 765)
(1, 274, 307, 427, 480)
(1, 261, 442, 554, 843)
(1, 214, 372, 361, 583)
(1, 261, 534, 464, 819)
(1, 496, 162, 893, 696)
(1, 419, 590, 588, 807)
(1, 65, 492, 470, 964)
(1, 194, 509, 499, 937)
(1, 272, 598, 463, 806)
(1, 192, 134, 631, 736)
(1, 177, 410, 340, 637)
(1, 227, 108, 588, 591)
(1, 234, 384, 315, 465)
(1, 239, 581, 534, 844)
(1, 387, 524, 569, 705)
(1, 128, 99, 651, 878)
(1, 172, 654, 356, 841)
(1, 303, 214, 715, 670)
(1, 718, 313, 852, 420)
(1, 219, 315, 553, 775)
(1, 338, 571, 557, 868)
0
(1, 160, 206, 355, 295)
(1, 147, 74, 226, 234)
(1, 45, 331, 406, 497)
(1, 276, 39, 473, 105)
(1, 174, 83, 354, 186)
0
(1, 112, 52, 342, 151)
(1, 328, 199, 756, 755)
0
0
(1, 13, 188, 308, 282)
(1, 223, 99, 364, 236)
(1, 69, 132, 282, 233)
(1, 373, 87, 446, 134)
0
(1, 94, 621, 367, 742)
(1, 24, 97, 293, 196)
(1, 55, 152, 437, 317)
(1, 319, 134, 968, 493)
0
(1, 98, 281, 947, 320)
(1, 206, 580, 314, 616)
(1, 284, 138, 377, 211)
(1, 225, 29, 402, 197)
(1, 216, 81, 415, 177)
(1, 30, 97, 287, 181)
(1, 116, 274, 271, 334)
(1, 322, 536, 449, 590)
(1, 118, 105, 463, 291)
(1, 58, 132, 463, 267)
0
(1, 126, 115, 256, 166)
(1, 122, 127, 306, 200)
(1, 56, 81, 388, 215)
0
0
(1, 132, 124, 280, 174)
0
(1, 71, 118, 183, 408)
(1, 224, 354, 395, 428)
(1, 28, 38, 462, 307)
(1, 77, 66, 190, 415)
(1, 13, 18, 298, 350)
(1, 94, 95, 403, 244)
(1, 42, 278, 116, 292)
(1, 56, 130, 469, 264)
(1, 120, 92, 238, 273)
0
0
(1, 116, 64, 375, 268)
(1, 38, 287, 148, 331)
(1, 70, 62, 408, 214)
0
(1, 174, 135, 291, 167)
0
0
(1, 210, 116, 372, 197)
(1, 171, 124, 263, 151)
0
(1, 207, 185, 448, 317)
0
(1, 128, 231, 313, 307)
0
(1, 190, 248, 307, 292)
(1, 303, 228, 437, 262)
(1, 66, 25, 289, 309)
(1, 100, 179, 908, 512)
(1, 29, 19, 270, 185)
(1, 440, 193, 607, 528)
(1, 571, 375, 716, 435)
0
(1, 607, 269, 729, 333)
(1, 574, 417, 725, 444)
(1, 392, 349, 646, 407)
(1, 238, 195, 392, 256)
0
(1, 127, 322, 611, 464)
(1, 135, 338, 344, 405)
(1, 167, 603, 550, 652)
(1, 230, 239, 548, 285)
(1, 504, 276, 707, 341)
(1, 617, 266, 730, 355)
(1, 401, 319, 481, 345)
(1, 382, 276, 532, 319)
(1, 415, 343, 643, 369)
(1, 620, 464, 717, 508)
0
(1, 494, 140, 1006, 362)
(1, 718, 294, 815, 330)
0
0
(1, 245, 200, 459, 236)
(1, 324, 198, 767, 301)
(1, 370, 125, 828, 192)
0
(1, 446, 335, 878, 408)
(1, 162, 260, 394, 326)
(1, 207, 311, 397, 357)
(1, 690, 230, 875, 286)
(1, 327, 327, 623, 367)
(1, 166, 260, 654, 356)
(1, 285, 416, 441, 462)
(1, 435, 110, 585, 150)
0
(1, 233, 273, 681, 315)
(1, 273, 453, 482, 497)
(1, 680, 97, 863, 241)
(1, 734, 269, 884, 300)
(1, 656, 235, 904, 272)
(1, 367, 181, 709, 234)
(1, 171, 68, 471, 148)
(1, 399, 170, 543, 203)
(1, 582, 341, 687, 369)
(1, 603, 235, 760, 258)
0
(1, 510, 735, 646, 756)
(1, 628, 197, 871, 262)
(1, 137, 412, 332, 446)
(1, 111, 211, 427, 278)
0
(1, 695, 263, 913, 310)
(1, 493, 475, 847, 514)
0
(1, 477, 202, 602, 222)
(1, 88, 76, 657, 183)
(1, 183, 157, 850, 476)
(1, 232, 323, 330, 345)
(1, 644, 272, 748, 297)
(1, 594, 140, 988, 188)
0
(1, 574, 249, 817, 307)
0
(1, 670, 212, 949, 275)
(1, 19, 58, 515, 204)
(1, 192, 385, 858, 490)
(1, 528, 345, 626, 377)
(1, 467, 352, 560, 382)
0
(1, 333, 86, 610, 121)
(1, 140, 32, 267, 139)
(1, 189, 169, 231, 218)
(1, 135, 133, 357, 320)
(1, 94, 130, 409, 376)
(1, 59, 31, 432, 429)
(1, 150, 410, 282, 610)
(1, 296, 218, 820, 593)
(1, 222, 139, 304, 236)
(1, 132, 76, 375, 308)
0
(1, 378, 225, 642, 532)
(1, 91, 173, 253, 326)
(1, 197, 131, 330, 281)
(1, 258, 118, 484, 347)
(1, 257, 220, 422, 371)
0
(1, 100, 173, 188, 238)
(1, 190, 152, 309, 263)
(1, 107, 166, 256, 312)
(1, 123, 60, 407, 307)
(1, 172, 94, 285, 265)
(1, 296, 192, 474, 362)
(1, 488, 267, 637, 449)
0
(1, 455, 304, 571, 412)
0
(1, 125, 192, 251, 394)
(1, 496, 230, 817, 519)
(1, 127, 71, 195, 180)
(1, 109, 70, 368, 302)
(1, 172, 51, 292, 170)
(1, 256, 133, 321, 207)
(1, 236, 184, 709, 613)
(1, 162, 89, 334, 281)
(1, 85, 126, 263, 290)
(1, 466, 425, 490, 491)
(1, 214, 68, 311, 158)
(1, 247, 299, 399, 515)
(1, 358, 247, 667, 571)
0
(1, 593, 129, 708, 241)
(1, 421, 15, 475, 60)
(1, 119, 95, 185, 190)
(1, 116, 118, 488, 375)
0
(1, 59, 20, 979, 665)
(1, 226, 346, 424, 533)
(1, 77, 141, 266, 305)
(1, 90, 348, 942, 597)
(1, 94, 62, 242, 251)
(1, 112, 54, 344, 302)
0
(1, 91, 99, 318, 366)
(1, 363, 83, 554, 262)
(1, 213, 228, 266, 247)
0
(1, 79, 77, 429, 254)
(1, 47, 39, 102, 87)
(1, 206, 33, 340, 729)
0
(1, 96, 134, 255, 251)
0
(1, 52, 70, 372, 303)
0
0
(1, 652, 211, 733, 297)
(1, 74, 145, 262, 355)
(1, 132, 132, 376, 372)
(1, 162, 94, 344, 267)
(1, 329, 78, 381, 124)
(1, 548, 697, 599, 758)
(1, 356, 234, 375, 669)
(1, 294, 146, 571, 506)
(1, 751, 27, 841, 145)
0
(1, 311, 410, 506, 647)
(1, 522, 65, 977, 654)
(1, 400, 480, 704, 813)
(1, 139, 190, 220, 359)
(1, 476, 271, 559, 380)
(1, 156, 68, 225, 119)
(1, 287, 443, 347, 482)
(1, 377, 168, 614, 508)
(1, 449, 341, 575, 517)
0
(1, 469, 152, 609, 354)
(1, 228, 192, 472, 487)
(1, 649, 422, 710, 496)
(1, 435, 214, 661, 361)
(1, 276, 397, 461, 601)
(1, 432, 346, 579, 559)
(1, 465, 220, 682, 301)
(1, 149, 234, 394, 614)
(1, 248, 371, 306, 489)
(1, 453, 249, 562, 374)
0
(1, 251, 455, 409, 577)
(1, 407, 133, 455, 187)
(1, 230, 59, 522, 418)
0
(1, 479, 412, 545, 530)
(1, 228, 76, 383, 555)
0
(1, 672, 259, 830, 469)
(1, 254, 323, 418, 552)
(1, 81, 83, 423, 902)
(1, 192, 145, 315, 282)
(1, 271, 413, 332, 496)
(1, 315, 347, 364, 381)
(1, 29, 238, 716, 464)
(1, 239, 532, 286, 569)
(1, 620, 238, 757, 464)
0
(1, 189, 220, 442, 514)
(1, 456, 184, 555, 292)
(1, 17, 85, 669, 543)
(1, 473, 379, 598, 540)
(1, 199, 73, 386, 262)
(1, 674, 535, 724, 649)
(1, 300, 184, 349, 268)
(1, 442, 521, 539, 626)
(1, 218, 713, 577, 812)
(1, 285, 556, 361, 676)
0
0
(1, 439, 243, 480, 293)
(1, 141, 242, 233, 403)
(1, 719, 143, 775, 193)
(1, 449, 197, 554, 323)
0
(1, 307, 400, 419, 545)
(1, 403, 141, 531, 345)
(1, 632, 201, 694, 321)
(1, 260, 177, 435, 468)
(1, 398, 375, 493, 439)
0
(1, 438, 322, 547, 475)
(1, 352, 145, 472, 250)
(1, 317, 192, 565, 550)
(1, 729, 214, 824, 332)
0
0
(1, 282, 131, 394, 187)
(1, 237, 188, 352, 218)
(1, 78, 114, 462, 226)
(1, 44, 15, 486, 280)
(1, 91, 105, 482, 214)
(1, 138, 133, 432, 214)
0
(1, 77, 11, 431, 336)
(1, 226, 142, 358, 181)
0
(1, 228, 194, 359, 209)
(1, 126, 73, 308, 183)
(1, 74, 55, 393, 128)
(1, 206, 54, 402, 83)
(1, 29, 101, 358, 199)
(1, 61, 162, 393, 253)
(1, 20, 147, 461, 249)
(1, 181, 104, 409, 198)
(1, 97, 153, 475, 246)
(1, 28, 99, 242, 132)
(1, 66, 118, 401, 212)
(1, 67, 74, 358, 199)
0
0
(1, 90, 135, 440, 224)
0
(1, 56, 60, 202, 123)
(1, 93, 102, 465, 209)
(1, 75, 68, 462, 182)
(1, 157, 117, 193, 182)
(1, 85, 160, 232, 197)
(1, 340, 83, 454, 118)
(1, 54, 57, 471, 271)
(1, 145, 339, 249, 366)
(1, 165, 46, 300, 169)
0
(1, 347, 86, 386, 106)
0
(1, 30, 28, 430, 303)
0
0
(1, 43, 162, 101, 194)
(1, 64, 487, 543, 743)
(1, 57, 79, 486, 204)
0
(1, 81, 62, 430, 163)
0
(1, 27, 81, 443, 351)
0
(1, 17, 160, 334, 302)
(1, 357, 330, 569, 359)
(1, 193, 205, 308, 239)
(1, 44, 22, 292, 86)
(1, 163, 53, 452, 247)
(1, 101, 105, 251, 147)
(1, 202, 141, 594, 333)
(1, 54, 42, 436, 146)
(1, 42, 24, 354, 250)
(1, 158, 147, 190, 178)
(1, 36, 126, 286, 172)
0
(1, 56, 106, 218, 165)
0
(1, 28, 56, 447, 95)
(1, 105, 77, 442, 239)
(1, 96, 322, 292, 377)
(1, 108, 121, 418, 206)
(1, 50, 146, 402, 166)
(1, 298, 284, 459, 447)
(1, 630, 322, 686, 416)
(1, 382, 227, 598, 455)
(1, 391, 101, 481, 226)
0
0
(1, 99, 117, 880, 437)
(1, 538, 265, 567, 301)
(1, 602, 266, 676, 369)
(1, 120, 357, 849, 996)
(1, 539, 99, 685, 294)
(1, 165, 113, 280, 277)
(1, 686, 164, 777, 284)
(1, 503, 274, 554, 339)
0
0
0
(1, 176, 128, 761, 396)
0
0
0
(1, 130, 77, 261, 278)
(1, 326, 230, 494, 506)
0
(1, 640, 40, 879, 278)
(1, 661, 136, 744, 246)
(1, 344, 265, 415, 360)
(1, 490, 194, 628, 422)
(1, 907, 426, 947, 487)
(1, 761, 268, 796, 342)
(1, 300, 259, 600, 623)
(1, 467, 214, 561, 351)
(1, 381, 176, 457, 285)
(1, 528, 180, 640, 353)
(1, 91, 80, 209, 245)
(1, 406, 367, 485, 511)
(1, 406, 401, 453, 476)
0
(1, 484, 283, 564, 411)
0
(1, 226, 279, 395, 486)
(1, 92, 49, 593, 900)
(1, 444, 188, 509, 280)
(1, 120, 338, 499, 659)
(1, 671, 158, 723, 228)
(1, 416, 103, 679, 532)
(1, 333, 190, 406, 321)
(1, 488, 214, 593, 349)
(1, 663, 105, 745, 215)
(1, 542, 265, 602, 371)
(1, 192, 225, 235, 284)
(1, 223, 257, 339, 423)
(1, 675, 104, 834, 351)
(1, 416, 424, 487, 455)
(1, 126, 207, 254, 363)
0
(1, 42, 474, 173, 618)
(1, 23, 41, 126, 287)
(1, 886, 417, 927, 475)
(1, 597, 180, 626, 227)
(1, 506, 295, 542, 334)
(1, 664, 317, 698, 374)
(1, 444, 123, 557, 288)
(1, 87, 18, 890, 620)
(1, 312, 481, 522, 764)
(1, 443, 35, 497, 114)
(1, 466, 254, 493, 338)
(1, 186, 139, 540, 616)
(1, 406, 158, 473, 241)
(1, 546, 139, 682, 304)
(1, 489, 382, 638, 581)
(1, 58, 590, 248, 739)
(1, 94, 264, 592, 525)
(1, 50, 417, 445, 704)
(1, 567, 650, 903, 910)
(1, 216, 578, 650, 799)
(1, 545, 300, 727, 506)
0
0
(1, 563, 582, 651, 656)
(1, 166, 542, 481, 842)
(1, 137, 672, 364, 876)
(1, 477, 364, 584, 489)
0
(1, 217, 606, 536, 863)
(1, 421, 170, 780, 520)
(1, 418, 341, 477, 400)
(1, 240, 636, 455, 859)
(1, 309, 503, 433, 549)
(1, 251, 474, 378, 523)
(1, 469, 443, 503, 462)
(1, 415, 622, 600, 829)
(1, 627, 537, 780, 604)
(1, 402, 519, 580, 694)
(1, 56, 689, 268, 837)
(1, 249, 368, 424, 526)
(1, 521, 16, 1007, 671)
(1, 17, 177, 416, 638)
(1, 17, 342, 198, 467)
(1, 666, 127, 929, 225)
(1, 700, 309, 857, 463)
(1, 553, 151, 744, 468)
(1, 263, 582, 489, 828)
(1, 173, 299, 308, 436)
(1, 103, 324, 203, 440)
(1, 539, 326, 658, 465)
(1, 244, 414, 493, 622)
(1, 608, 294, 665, 335)
(1, 12, 77, 534, 972)
(1, 317, 523, 462, 606)
(1, 292, 381, 392, 478)
(1, 290, 546, 458, 775)
(1, 410, 200, 527, 224)
(1, 67, 18, 276, 183)
(1, 649, 408, 995, 690)
(1, 592, 70, 1009, 751)
(1, 140, 320, 503, 411)
(1, 435, 491, 615, 677)
(1, 429, 528, 666, 782)
(1, 485, 401, 570, 523)
(1, 296, 186, 670, 612)
(1, 225, 564, 456, 823)
(1, 474, 456, 952, 664)
(1, 226, 658, 374, 791)
(1, 516, 444, 703, 578)
(1, 271, 743, 462, 882)
(1, 373, 472, 511, 592)
(1, 333, 287, 419, 397)
(1, 254, 479, 615, 628)
(1, 359, 130, 711, 496)
(1, 139, 553, 309, 756)
(1, 676, 296, 836, 441)
(1, 129, 743, 305, 889)
(1, 476, 395, 575, 510)
(1, 290, 350, 755, 490)
0
(1, 107, 608, 302, 814)
(1, 281, 124, 519, 371)
(1, 238, 18, 987, 763)
(1, 132, 363, 643, 834)
(1, 214, 133, 448, 367)
0
(1, 254, 154, 786, 647)
0
(1, 297, 142, 412, 253)
(1, 428, 127, 536, 189)
(1, 73, 95, 205, 206)
0
0
(1, 762, 229, 887, 400)
(1, 184, 83, 622, 463)
0
(1, 453, 281, 573, 394)
0
(1, 672, 124, 756, 172)
(1, 454, 360, 518, 441)
(1, 680, 148, 796, 270)
(1, 571, 315, 840, 574)
0
(1, 362, 224, 665, 353)
0
0
(1, 120, 530, 263, 639)
(1, 457, 162, 601, 291)
0
0
(1, 307, 228, 452, 367)
0
(1, 444, 79, 555, 189)
(1, 557, 280, 746, 447)
0
0
(1, 276, 428, 491, 566)
(1, 272, 114, 432, 271)
0
(1, 378, 154, 682, 432)
(1, 237, 456, 273, 513)
(1, 522, 285, 620, 366)
(1, 450, 63, 666, 444)
(1, 78, 338, 725, 493)
(1, 576, 663, 660, 719)
(1, 184, 48, 377, 218)
(1, 399, 183, 469, 242)
(1, 150, 190, 650, 812)
(1, 224, 17, 372, 171)
0
0
0
0
(1, 296, 196, 510, 358)
0
(1, 314, 183, 426, 293)
0
0
(1, 442, 177, 581, 287)
(1, 252, 127, 377, 267)
(1, 150, 186, 591, 656)
(1, 106, 178, 667, 786)
0
(1, 394, 289, 646, 529)
(1, 413, 178, 604, 345)
0
0
(1, 837, 98, 915, 169)
(1, 285, 80, 669, 321)
(1, 241, 37, 530, 278)
(1, 304, 75, 424, 173)
(1, 347, 176, 464, 288)
0
0
(1, 177, 477, 287, 659)
(1, 280, 472, 392, 633)
(1, 398, 220, 594, 899)
(1, 85, 355, 321, 873)
(1, 259, 366, 496, 505)
(1, 13, 274, 887, 544)
(1, 275, 566, 452, 855)
(1, 321, 426, 464, 595)
(1, 623, 296, 730, 459)
(1, 143, 234, 440, 778)
(1, 314, 445, 608, 808)
(1, 255, 489, 408, 712)
(1, 243, 563, 472, 927)
(1, 54, 226, 333, 378)
(1, 723, 82, 927, 338)
(1, 411, 376, 490, 540)
(1, 445, 516, 613, 808)
(1, 177, 518, 386, 831)
(1, 371, 287, 491, 551)
(1, 62, 443, 290, 814)
(1, 161, 649, 378, 880)
(1, 548, 139, 703, 416)
(1, 266, 551, 395, 757)
(1, 276, 718, 447, 951)
(1, 177, 524, 315, 779)
(1, 158, 338, 514, 685)
(1, 197, 181, 821, 513)
(1, 198, 168, 430, 548)
(1, 158, 669, 262, 852)
(1, 27, 258, 762, 526)
(1, 409, 475, 557, 682)
(1, 147, 197, 422, 470)
(1, 308, 357, 644, 697)
(1, 339, 19, 779, 718)
(1, 249, 545, 434, 848)
(1, 189, 588, 305, 816)
(1, 205, 386, 398, 578)
(1, 603, 467, 700, 631)
0
(1, 258, 526, 449, 846)
(1, 285, 77, 590, 641)
(1, 101, 442, 365, 661)
(1, 277, 587, 398, 792)
(1, 515, 417, 566, 498)
(1, 435, 371, 536, 506)
(1, 208, 621, 295, 776)
(1, 155, 246, 562, 920)
(1, 507, 21, 988, 686)
(1, 319, 377, 414, 549)
(1, 125, 447, 302, 556)
(1, 598, 204, 772, 471)
(1, 249, 83, 383, 371)
(1, 382, 533, 460, 673)
(1, 243, 633, 418, 824)
(1, 750, 311, 961, 578)
(1, 15, 142, 373, 911)
(1, 746, 105, 1012, 657)
(1, 275, 376, 327, 503)
(1, 112, 390, 240, 588)
(1, 276, 404, 822, 664)
(1, 154, 198, 342, 880)
(1, 612, 310, 702, 500)
(1, 12, 14, 1005, 751)
(1, 50, 620, 221, 875)
(1, 213, 31, 552, 848)
(1, 115, 374, 845, 544)
0
(1, 538, 427, 669, 641)
(1, 640, 384, 721, 526)
(1, 31, 15, 687, 697)
(1, 125, 249, 346, 607)
(1, 33, 11, 504, 1000)
(1, 129, 367, 811, 561)
(1, 538, 275, 723, 878)
(1, 421, 41, 906, 314)
(1, 146, 148, 425, 610)
(1, 98, 39, 708, 1011)
(1, 444, 436, 594, 691)
(1, 448, 306, 531, 454)
(1, 658, 260, 757, 422)
(1, 279, 113, 543, 826)
(1, 226, 157, 677, 830)
(1, 107, 333, 561, 1004)
0
(1, 274, 375, 587, 853)
(1, 223, 495, 457, 861)
(1, 168, 59, 443, 925)
(1, 243, 246, 401, 815)
(1, 509, 536, 564, 613)
(1, 17, 23, 636, 805)
(1, 541, 266, 645, 424)
(1, 747, 345, 830, 403)
(1, 271, 677, 405, 894)
(1, 535, 538, 570, 573)
0
(1, 565, 296, 707, 570)
(1, 677, 208, 907, 638)
(1, 596, 432, 709, 647)
(1, 221, 517, 433, 857)
(1, 402, 496, 661, 780)
(1, 267, 105, 543, 519)
(1, 594, 422, 736, 621)
(1, 418, 26, 903, 909)
(1, 497, 177, 844, 753)
(1, 417, 403, 574, 617)
(1, 568, 443, 644, 496)
(1, 95, 234, 143, 316)
(1, 436, 419, 540, 590)
(1, 51, 56, 327, 310)
(1, 161, 415, 251, 547)
(1, 81, 217, 646, 776)
(1, 523, 103, 659, 578)
(1, 237, 483, 446, 867)
(1, 96, 313, 418, 846)
(1, 269, 74, 707, 690)
(1, 92, 516, 306, 906)
(1, 321, 162, 983, 565)
(1, 173, 445, 309, 653)
(1, 603, 261, 790, 531)
(1, 262, 557, 434, 860)
(1, 248, 533, 433, 845)
(1, 771, 359, 899, 413)
(1, 636, 95, 910, 502)
(1, 460, 520, 588, 655)
(1, 298, 523, 469, 797)
(1, 115, 187, 512, 433)
(1, 242, 604, 407, 869)
(1, 327, 301, 576, 684)
(1, 234, 602, 421, 847)
(1, 271, 283, 476, 474)
(1, 206, 181, 308, 334)
(1, 177, 152, 807, 275)
(1, 78, 513, 241, 830)
(1, 217, 444, 562, 1002)
(1, 662, 43, 812, 178)
(1, 466, 314, 605, 549)
(1, 299, 167, 627, 422)
(1, 302, 613, 378, 662)
(1, 508, 263, 693, 488)
(1, 439, 20, 991, 739)
(1, 131, 119, 367, 229)
(1, 54, 83, 258, 142)
(1, 111, 245, 291, 305)
(1, 224, 181, 530, 404)
0
(1, 227, 370, 644, 558)
(1, 132, 145, 439, 245)
(1, 174, 209, 233, 237)
(1, 157, 172, 432, 231)
(1, 118, 157, 237, 205)
0
(1, 85, 29, 463, 318)
(1, 74, 128, 130, 142)
(1, 51, 138, 442, 265)
(1, 17, 274, 390, 399)
(1, 47, 92, 450, 243)
(1, 49, 120, 445, 259)
(1, 546, 181, 592, 244)
0
(1, 15, 183, 468, 317)
0
(1, 76, 169, 349, 242)
(1, 554, 113, 685, 213)
0
(1, 533, 274, 945, 429)
(1, 375, 157, 654, 527)
(1, 154, 130, 308, 175)
(1, 117, 66, 456, 266)
(1, 136, 72, 847, 261)
(1, 448, 277, 662, 428)
0
(1, 55, 110, 404, 238)
(1, 26, 110, 981, 606)
(1, 279, 231, 346, 275)
(1, 301, 135, 425, 193)
(1, 153, 94, 396, 262)
0
(1, 53, 113, 446, 256)
(1, 232, 208, 912, 589)
(1, 16, 65, 482, 288)
(1, 48, 113, 439, 234)
(1, 155, 204, 321, 248)
(1, 198, 375, 881, 861)
0
(1, 363, 238, 743, 414)
(1, 94, 157, 366, 248)
(1, 86, 74, 423, 188)
(1, 306, 408, 456, 472)
(1, 104, 72, 439, 153)
(1, 34, 64, 480, 305)
(1, 88, 144, 409, 215)
(1, 45, 29, 136, 82)
(1, 255, 111, 633, 680)
(1, 171, 84, 313, 125)
(1, 134, 50, 392, 180)
(1, 19, 17, 439, 286)
(1, 364, 221, 458, 250)
(1, 176, 88, 339, 190)
(1, 365, 339, 629, 455)
(1, 85, 196, 163, 250)
(1, 25, 123, 479, 263)
(1, 868, 172, 1002, 209)
0
(1, 148, 324, 455, 446)
(1, 52, 122, 309, 202)
0
(1, 140, 72, 365, 167)
(1, 156, 180, 390, 270)
(1, 288, 442, 806, 626)
0
(1, 711, 327, 808, 464)
(1, 535, 424, 766, 576)
(1, 407, 52, 974, 667)
(1, 127, 205, 491, 836)
(1, 241, 495, 388, 714)
(1, 74, 116, 299, 566)
(1, 682, 304, 877, 428)
(1, 541, 241, 711, 612)
(1, 550, 640, 615, 727)
(1, 253, 12, 575, 177)
0
(1, 172, 244, 481, 766)
(1, 150, 667, 498, 971)
(1, 163, 258, 610, 904)
(1, 396, 239, 676, 569)
(1, 429, 386, 826, 554)
(1, 13, 577, 193, 780)
(1, 33, 300, 316, 512)
(1, 445, 697, 605, 915)
(1, 61, 186, 461, 455)
(1, 382, 160, 702, 533)
(1, 88, 248, 279, 349)
(1, 81, 157, 627, 911)
(1, 191, 225, 557, 492)
(1, 311, 103, 994, 540)
(1, 59, 51, 615, 716)
(1, 90, 292, 388, 777)
(1, 469, 257, 617, 508)
(1, 56, 25, 784, 739)
(1, 256, 330, 556, 808)
(1, 357, 221, 658, 734)
(1, 133, 179, 882, 462)
(1, 59, 415, 306, 941)
(1, 227, 542, 416, 853)
(1, 64, 541, 337, 918)
(1, 19, 212, 279, 552)
(1, 424, 385, 575, 472)
(1, 483, 685, 559, 891)
(1, 433, 455, 702, 658)
(1, 219, 214, 674, 533)
(1, 403, 44, 702, 417)
(1, 256, 17, 622, 488)
(1, 375, 235, 649, 684)
0
(1, 101, 270, 330, 881)
(1, 402, 251, 636, 334)
(1, 83, 579, 282, 892)
(1, 437, 275, 576, 413)
(1, 123, 77, 419, 309)
(1, 454, 316, 632, 557)
(1, 53, 491, 157, 793)
(1, 284, 592, 383, 833)
(1, 432, 572, 563, 793)
(1, 356, 261, 645, 516)
(1, 239, 368, 373, 595)
(1, 289, 458, 468, 761)
(1, 619, 482, 923, 586)
(1, 479, 271, 677, 351)
(1, 428, 271, 649, 540)
(1, 235, 81, 693, 598)
(1, 236, 212, 549, 733)
(1, 467, 394, 651, 466)
(1, 377, 272, 575, 446)
(1, 226, 55, 625, 358)
(1, 262, 383, 466, 666)
(1, 354, 322, 587, 413)
(1, 394, 445, 602, 763)
(1, 120, 447, 523, 744)
(1, 279, 226, 446, 556)
(1, 501, 388, 668, 562)
(1, 167, 73, 344, 229)
0
(1, 128, 54, 352, 261)
(1, 147, 124, 381, 238)
(1, 173, 128, 440, 224)
(1, 31, 81, 482, 344)
(1, 348, 115, 407, 203)
(1, 126, 194, 411, 369)
(1, 106, 25, 363, 306)
(1, 559, 160, 649, 267)
0
(1, 138, 87, 198, 153)
(1, 60, 42, 211, 209)
0
0
(1, 224, 142, 296, 196)
(1, 171, 134, 293, 236)
(1, 130, 207, 183, 250)
(1, 394, 128, 571, 213)
(1, 240, 83, 274, 105)
0
(1, 208, 155, 304, 230)
(1, 232, 42, 282, 77)
(1, 229, 160, 257, 196)
(1, 208, 102, 311, 212)
(1, 107, 175, 362, 329)
(1, 178, 156, 339, 313)
0
(1, 127, 83, 274, 226)
(1, 17, 10, 277, 207)
(1, 171, 206, 325, 319)
(1, 119, 47, 380, 439)
(1, 192, 165, 392, 299)
(1, 143, 166, 384, 264)
(1, 103, 32, 393, 301)
0
(1, 123, 211, 292, 303)
(1, 280, 129, 455, 240)
(1, 232, 102, 393, 222)
(1, 96, 94, 354, 314)
(1, 176, 123, 315, 236)
0
0
(1, 184, 156, 247, 246)
(1, 148, 94, 360, 292)
(1, 163, 102, 334, 265)
(1, 39, 29, 293, 340)
(1, 114, 17, 384, 119)
(1, 163, 113, 346, 281)
(1, 258, 120, 289, 194)
(1, 369, 250, 399, 285)
(1, 138, 91, 192, 131)
0
(1, 127, 117, 384, 347)
(1, 449, 294, 822, 697)
(1, 105, 42, 400, 327)
(1, 596, 168, 772, 526)
(1, 297, 100, 675, 594)
(1, 130, 164, 377, 349)
(1, 40, 10, 255, 216)
(1, 60, 57, 379, 344)
0
(1, 150, 20, 418, 267)
(1, 216, 70, 433, 317)
(1, 63, 73, 306, 238)
(1, 134, 152, 228, 238)
(1, 286, 135, 739, 533)
(1, 231, 87, 783, 485)
0
(1, 155, 105, 948, 667)
(1, 195, 444, 357, 590)
0
0
(1, 119, 173, 180, 210)
(1, 160, 232, 278, 392)
(1, 138, 107, 379, 333)
(1, 54, 49, 102, 118)
0
(1, 133, 82, 819, 746)
0
(1, 68, 58, 949, 988)
(1, 14, 177, 141, 398)
0
(1, 144, 453, 250, 535)
(1, 356, 184, 627, 491)
(1, 300, 310, 403, 474)
(1, 473, 314, 526, 388)
(1, 494, 124, 627, 245)
(1, 256, 379, 347, 423)
(1, 391, 287, 606, 503)
0
0
0
(1, 569, 427, 677, 475)
(1, 521, 499, 669, 585)
(1, 259, 224, 495, 524)
0
0
(1, 534, 262, 653, 321)
0
(1, 287, 317, 449, 485)
0
(1, 99, 111, 425, 401)
(1, 439, 149, 537, 248)
(1, 633, 176, 750, 293)
(1, 324, 462, 814, 739)
0
0
(1, 395, 577, 597, 859)
(1, 458, 237, 598, 352)
(1, 288, 272, 557, 579)
(1, 231, 385, 393, 537)
(1, 700, 350, 940, 570)
(1, 365, 22, 559, 204)
(1, 319, 212, 357, 282)
(1, 710, 615, 951, 811)
(1, 437, 554, 525, 645)
0
(1, 16, 14, 1004, 997)
0
0
(1, 364, 619, 485, 725)
(1, 345, 289, 483, 403)
(1, 220, 491, 645, 649)
(1, 248, 306, 426, 487)
(1, 449, 266, 585, 405)
(1, 752, 279, 881, 419)
(1, 115, 138, 195, 203)
0
0
0
0
(1, 413, 263, 597, 370)
(1, 320, 196, 795, 468)
(1, 39, 254, 164, 363)
(1, 452, 148, 869, 461)
0
(1, 385, 271, 691, 547)
(1, 41, 256, 323, 427)
(1, 61, 189, 602, 659)
(1, 639, 213, 728, 259)
(1, 296, 131, 446, 262)
(1, 328, 449, 472, 515)
(1, 182, 95, 617, 250)
(1, 240, 463, 407, 560)
(1, 585, 160, 665, 212)
(1, 760, 170, 871, 231)
0
(1, 439, 303, 516, 366)
0
(1, 691, 367, 793, 416)
(1, 439, 120, 618, 215)
(1, 463, 219, 565, 292)
(1, 218, 162, 581, 337)
(1, 462, 61, 680, 182)
(1, 360, 188, 767, 472)
(1, 257, 210, 427, 295)
0
(1, 367, 245, 960, 624)
0
(1, 275, 75, 478, 166)
(1, 645, 156, 795, 226)
(1, 282, 27, 970, 747)
0
(1, 732, 134, 831, 194)
(1, 198, 185, 570, 307)
(1, 321, 431, 755, 638)
0
(1, 106, 105, 191, 216)
0
(1, 203, 69, 894, 635)
(1, 329, 280, 375, 306)
(1, 93, 13, 727, 71)
(1, 183, 187, 330, 294)
(1, 330, 671, 408, 714)
(1, 177, 43, 801, 720)
0
(1, 872, 365, 940, 405)
(1, 235, 193, 430, 268)
(1, 34, 92, 534, 554)
(1, 333, 129, 439, 251)
(1, 634, 303, 734, 358)
(1, 328, 74, 447, 201)
(1, 118, 192, 353, 363)
(1, 220, 148, 400, 229)
(1, 201, 50, 258, 71)
(1, 350, 173, 742, 463)
(1, 240, 132, 685, 193)
(1, 854, 167, 949, 210)
(1, 450, 361, 585, 426)
(1, 335, 65, 452, 160)
(1, 334, 419, 635, 542)
0
(1, 111, 14, 168, 49)
0
(1, 656, 410, 955, 631)
(1, 173, 200, 607, 723)
(1, 757, 111, 874, 281)
(1, 259, 323, 685, 557)
(1, 259, 108, 466, 229)
0
(1, 147, 133, 223, 173)
(1, 21, 129, 427, 472)
(1, 280, 553, 354, 615)
(1, 521, 99, 683, 262)
(1, 457, 170, 573, 238)
(1, 830, 107, 913, 163)
0
0
(1, 209, 179, 513, 321)
(1, 114, 215, 940, 585)
(1, 239, 798, 420, 967)
(1, 293, 161, 745, 615)
(1, 515, 228, 633, 301)
(1, 357, 480, 452, 649)
(1, 100, 28, 589, 601)
(1, 174, 619, 251, 825)
(1, 694, 386, 825, 627)
(1, 652, 326, 760, 574)
(1, 391, 252, 593, 642)
(1, 261, 199, 706, 436)
(1, 199, 497, 346, 741)
(1, 186, 767, 272, 940)
(1, 758, 486, 839, 622)
(1, 134, 491, 442, 619)
(1, 341, 379, 362, 420)
(1, 474, 461, 754, 861)
(1, 390, 576, 441, 666)
(1, 535, 13, 756, 403)
(1, 319, 829, 379, 920)
(1, 514, 369, 642, 557)
(1, 179, 519, 419, 827)
(1, 675, 326, 865, 474)
(1, 286, 408, 668, 822)
(1, 15, 24, 665, 1007)
(1, 275, 409, 412, 650)
(1, 411, 399, 612, 751)
(1, 187, 13, 463, 439)
(1, 192, 602, 464, 902)
(1, 162, 164, 550, 565)
(1, 395, 285, 555, 596)
(1, 677, 374, 811, 604)
(1, 296, 256, 605, 445)
(1, 699, 180, 903, 533)
(1, 369, 18, 695, 664)
0
(1, 275, 780, 484, 930)
(1, 386, 454, 697, 1005)
(1, 233, 311, 705, 510)
(1, 17, 29, 902, 717)
(1, 380, 237, 726, 606)
(1, 59, 13, 943, 536)
0
(1, 48, 16, 721, 663)
(1, 81, 544, 244, 903)
(1, 291, 336, 505, 653)
(1, 264, 552, 479, 909)
(1, 450, 376, 626, 644)
(1, 812, 85, 985, 335)
(1, 158, 233, 393, 515)
(1, 126, 164, 598, 942)
(1, 510, 13, 1008, 666)
(1, 25, 350, 587, 714)
(1, 147, 651, 395, 908)
(1, 115, 578, 245, 795)
(1, 471, 640, 599, 892)
(1, 193, 351, 485, 770)
(1, 32, 62, 759, 986)
(1, 210, 118, 403, 307)
(1, 154, 414, 242, 668)
(1, 249, 357, 518, 511)
(1, 232, 518, 339, 677)
(1, 433, 260, 713, 468)
(1, 243, 736, 286, 894)
(1, 188, 242, 564, 600)
(1, 152, 274, 368, 896)
(1, 194, 14, 688, 559)
(1, 473, 804, 611, 1008)
(1, 658, 262, 938, 614)
(1, 436, 419, 621, 703)
(1, 389, 360, 525, 501)
(1, 698, 477, 926, 736)
0
(1, 262, 312, 448, 465)
(1, 145, 253, 448, 456)
(1, 53, 16, 734, 740)
(1, 411, 551, 587, 715)
(1, 208, 312, 590, 731)
(1, 555, 375, 641, 492)
(1, 218, 657, 469, 863)
(1, 748, 492, 897, 689)
(1, 135, 240, 179, 279)
(1, 363, 285, 528, 468)
0
(1, 257, 164, 337, 235)
(1, 194, 612, 345, 733)
0
(1, 289, 258, 442, 433)
(1, 176, 565, 274, 742)
(1, 114, 156, 388, 494)
(1, 191, 296, 298, 463)
(1, 90, 23, 651, 736)
(1, 47, 388, 442, 759)
(1, 274, 646, 401, 773)
(1, 129, 361, 237, 487)
(1, 879, 408, 949, 471)
(1, 264, 95, 477, 356)
(1, 99, 624, 179, 733)
0
(1, 73, 18, 647, 534)
(1, 264, 92, 586, 278)
(1, 403, 614, 546, 767)
(1, 163, 445, 298, 600)
(1, 600, 242, 987, 668)
(1, 131, 178, 509, 584)
(1, 206, 559, 301, 662)
(1, 423, 253, 537, 388)
(1, 285, 358, 372, 453)
(1, 471, 220, 555, 316)
(1, 129, 286, 321, 438)
(1, 227, 320, 454, 698)
(1, 657, 399, 902, 638)
(1, 366, 317, 666, 620)
(1, 131, 78, 642, 571)
(1, 160, 75, 546, 479)
(1, 568, 106, 944, 451)
(1, 76, 273, 279, 478)
(1, 287, 113, 530, 381)
(1, 661, 187, 754, 297)
(1, 157, 273, 640, 726)
(1, 280, 188, 828, 744)
(1, 222, 423, 502, 683)
(1, 119, 257, 854, 567)
(1, 198, 475, 415, 729)
0
(1, 188, 209, 539, 627)
(1, 267, 544, 482, 818)
(1, 358, 33, 945, 669)
(1, 415, 183, 505, 237)
(1, 254, 90, 671, 570)
(1, 340, 47, 878, 592)
(1, 113, 133, 343, 333)
0
(1, 149, 262, 455, 673)
(1, 561, 507, 622, 576)
(1, 336, 262, 470, 378)
(1, 267, 270, 487, 543)
(1, 435, 620, 553, 789)
(1, 45, 85, 903, 587)
(1, 207, 172, 777, 530)
(1, 259, 558, 427, 846)
(1, 391, 307, 749, 890)
(1, 284, 653, 559, 914)
(1, 81, 147, 427, 810)
(1, 291, 242, 661, 803)
(1, 188, 413, 590, 836)
(1, 273, 570, 388, 748)
(1, 371, 312, 652, 662)
(1, 265, 404, 900, 664)
(1, 444, 380, 577, 484)
(1, 127, 317, 562, 1002)
(1, 13, 569, 290, 987)
(1, 198, 418, 280, 587)
(1, 425, 191, 559, 397)
(1, 481, 90, 715, 435)
(1, 45, 456, 322, 753)
(1, 198, 43, 869, 751)
(1, 649, 341, 750, 453)
(1, 106, 199, 779, 753)
(1, 125, 722, 346, 1008)
(1, 362, 444, 674, 663)
(1, 112, 141, 275, 894)
(1, 204, 485, 377, 756)
0
(1, 198, 682, 489, 849)
(1, 253, 597, 426, 805)
(1, 238, 662, 397, 848)
(1, 372, 270, 602, 492)
(1, 283, 552, 434, 801)
(1, 291, 654, 431, 866)
(1, 385, 17, 1001, 561)
(1, 72, 150, 755, 1001)
(1, 257, 586, 523, 944)
(1, 233, 536, 432, 841)
(1, 409, 159, 577, 290)
(1, 214, 120, 623, 866)
(1, 413, 467, 637, 832)
(1, 132, 387, 444, 665)
(1, 38, 576, 230, 883)
(1, 159, 501, 363, 846)
(1, 289, 150, 675, 739)
(1, 123, 595, 287, 768)
(1, 586, 536, 803, 752)
(1, 366, 240, 654, 665)
(1, 563, 374, 1001, 754)
(1, 237, 287, 520, 708)
(1, 242, 628, 425, 959)
(1, 237, 620, 464, 917)
(1, 441, 398, 699, 858)
0
(1, 511, 427, 783, 644)
(1, 301, 376, 431, 522)
(1, 161, 558, 413, 804)
(1, 380, 559, 671, 960)
(1, 101, 701, 289, 897)
(1, 331, 44, 636, 524)
(1, 403, 427, 545, 656)
(1, 296, 390, 426, 601)
(1, 372, 578, 534, 798)
(1, 145, 241, 322, 478)
(1, 326, 298, 595, 741)
(1, 184, 81, 643, 900)
(1, 314, 696, 403, 808)
(1, 106, 312, 567, 872)
(1, 298, 541, 413, 704)
(1, 94, 371, 382, 673)
(1, 619, 487, 721, 669)
(1, 264, 24, 756, 563)
(1, 137, 193, 313, 827)
(1, 218, 393, 252, 432)
(1, 147, 519, 580, 626)
(1, 188, 464, 320, 567)
(1, 186, 205, 749, 528)
(1, 147, 229, 298, 323)
(1, 247, 51, 1001, 750)
0
(1, 129, 333, 365, 426)
(1, 148, 306, 443, 484)
(1, 321, 303, 594, 430)
(1, 66, 232, 388, 395)
(1, 398, 81, 683, 447)
(1, 924, 720, 981, 740)
(1, 248, 671, 293, 704)
(1, 166, 59, 427, 210)
(1, 225, 463, 330, 514)
(1, 636, 222, 804, 354)
(1, 726, 155, 827, 312)
(1, 452, 439, 604, 493)
(1, 418, 270, 522, 380)
(1, 423, 236, 464, 272)
(1, 86, 928, 193, 994)
(1, 63, 30, 716, 154)
(1, 173, 65, 421, 212)
(1, 614, 392, 813, 472)
(1, 127, 330, 325, 497)
(1, 281, 188, 479, 282)
(1, 157, 218, 958, 730)
(1, 44, 139, 823, 587)
(1, 485, 165, 660, 269)
(1, 410, 130, 816, 240)
(1, 428, 450, 529, 519)
(1, 482, 648, 575, 678)
(1, 133, 244, 469, 386)
(1, 360, 302, 758, 422)
(1, 523, 209, 638, 247)
(1, 709, 501, 812, 553)
(1, 33, 207, 847, 732)
(1, 627, 170, 740, 339)
(1, 195, 123, 380, 207)
(1, 92, 59, 196, 122)
(1, 161, 76, 427, 211)
0
(1, 187, 181, 380, 277)
(1, 54, 74, 382, 156)
(1, 66, 138, 360, 317)
(1, 175, 490, 414, 579)
(1, 401, 562, 581, 646)
(1, 428, 158, 682, 253)
(1, 709, 101, 782, 178)
(1, 186, 131, 491, 985)
(1, 306, 37, 461, 101)
(1, 472, 153, 662, 258)
(1, 104, 19, 367, 655)
(1, 180, 175, 397, 299)
(1, 193, 350, 433, 504)
(1, 46, 154, 347, 348)
(1, 435, 412, 593, 582)
(1, 123, 58, 856, 188)
(1, 293, 156, 551, 859)
(1, 153, 190, 461, 432)
(1, 91, 325, 228, 380)
(1, 52, 196, 359, 405)
(1, 612, 228, 728, 376)
(1, 294, 238, 484, 342)
(1, 153, 152, 366, 526)
(1, 348, 327, 845, 676)
(1, 123, 103, 397, 217)
(1, 279, 325, 603, 393)
(1, 194, 341, 515, 551)
(1, 173, 321, 357, 431)
(1, 136, 204, 184, 285)
0
(1, 92, 187, 228, 327)
(1, 255, 154, 337, 178)
(1, 152, 51, 397, 272)
(1, 381, 255, 457, 281)
(1, 243, 51, 320, 147)
(1, 82, 111, 261, 350)
(1, 481, 242, 616, 444)
(1, 374, 216, 411, 265)
0
(1, 521, 525, 612, 616)
(1, 170, 50, 333, 280)
(1, 145, 78, 276, 228)
(1, 52, 89, 123, 228)
(1, 63, 35, 338, 301)
(1, 225, 129, 277, 224)
(1, 156, 323, 261, 392)
(1, 118, 54, 407, 362)
0
(1, 37, 410, 248, 623)
(1, 117, 60, 357, 336)
(1, 291, 124, 364, 188)
(1, 107, 52, 404, 325)
(1, 343, 535, 603, 815)
0
(1, 221, 100, 261, 235)
0
(1, 170, 97, 284, 248)
(1, 207, 89, 283, 203)
(1, 124, 182, 167, 232)
(1, 184, 157, 307, 275)
(1, 95, 84, 280, 337)
(1, 138, 51, 333, 277)
0
(1, 150, 185, 223, 339)
(1, 113, 84, 200, 209)
(1, 119, 345, 167, 403)
0
(1, 228, 124, 297, 261)
(1, 141, 287, 189, 375)
0
(1, 76, 67, 265, 299)
(1, 122, 29, 375, 318)
(1, 182, 80, 282, 158)
(1, 583, 68, 768, 460)
(1, 229, 99, 274, 213)
(1, 210, 81, 255, 143)
(1, 290, 212, 450, 307)
(1, 16, 10, 193, 317)
(1, 80, 130, 286, 357)
0
(1, 123, 226, 205, 326)
0
(1, 237, 446, 389, 617)
(1, 174, 86, 361, 285)
(1, 59, 59, 128, 203)
0
0
(1, 194, 152, 298, 354)
(1, 77, 149, 241, 246)
(1, 325, 177, 403, 316)
(1, 467, 292, 568, 410)
(1, 57, 47, 426, 374)
(1, 403, 112, 520, 247)
(1, 97, 178, 270, 382)
(1, 155, 54, 396, 290)
(1, 886, 335, 956, 423)
(1, 142, 157, 234, 306)
(1, 229, 110, 395, 259)
(1, 180, 270, 255, 295)
(1, 333, 225, 480, 346)
0
0
(1, 225, 525, 355, 569)
(1, 89, 267, 144, 306)
0
0
0
0
0
(1, 194, 53, 278, 112)
0
(1, 763, 37, 815, 85)
(1, 903, 94, 945, 139)
(1, 423, 303, 521, 371)
0
0
0
(1, 181, 459, 236, 489)
(1, 625, 130, 743, 163)
(1, 302, 129, 428, 235)
(1, 346, 158, 414, 490)
(1, 442, 179, 658, 337)
0
(1, 389, 199, 561, 276)
0
0
0
(1, 309, 394, 381, 436)
(1, 438, 129, 560, 226)
0
(1, 366, 400, 441, 438)
0
0
(1, 705, 464, 730, 506)
0
(1, 419, 293, 565, 393)
(1, 680, 184, 738, 234)
(1, 335, 325, 396, 365)
0
(1, 113, 386, 183, 436)
(1, 190, 571, 256, 608)
0
(1, 94, 224, 183, 280)
0
(1, 98, 357, 209, 458)
0
0
0
(1, 416, 506, 438, 526)
0
0
(1, 429, 424, 484, 446)
0
0
(1, 122, 301, 193, 354)
0
(1, 326, 483, 390, 493)
(1, 103, 199, 179, 245)
(1, 218, 164, 268, 237)
0
0
(1, 171, 59, 233, 84)
0
(1, 505, 306, 570, 339)
0
(1, 212, 515, 334, 565)
0
0
(1, 412, 322, 613, 508)
(1, 251, 392, 409, 539)
(1, 524, 324, 580, 379)
(1, 493, 359, 677, 491)
(1, 70, 289, 151, 395)
(1, 191, 74, 750, 531)
(1, 241, 88, 647, 228)
(1, 486, 253, 721, 524)
(1, 755, 247, 875, 396)
(1, 214, 231, 810, 433)
(1, 420, 256, 573, 375)
(1, 97, 45, 727, 647)
(1, 569, 70, 868, 278)
(1, 338, 477, 586, 661)
(1, 216, 236, 472, 358)
(1, 191, 67, 563, 738)
(1, 340, 99, 727, 381)
(1, 282, 118, 502, 348)
(1, 151, 107, 285, 215)
(1, 214, 128, 281, 182)
(1, 60, 358, 224, 499)
(1, 341, 128, 466, 214)
(1, 418, 369, 534, 482)
(1, 196, 473, 571, 536)
(1, 142, 97, 272, 193)
(1, 357, 354, 487, 507)
(1, 699, 365, 1005, 490)
(1, 695, 362, 742, 432)
(1, 183, 513, 545, 566)
(1, 352, 293, 532, 431)
(1, 739, 215, 926, 365)
0
0
(1, 593, 364, 708, 415)
0
(1, 24, 307, 916, 406)
0
(1, 319, 396, 487, 547)
(1, 301, 51, 896, 346)
(1, 277, 325, 630, 446)
(1, 64, 382, 749, 1008)
(1, 229, 553, 331, 629)
(1, 114, 155, 524, 491)
(1, 221, 131, 533, 894)
(1, 428, 262, 591, 400)
(1, 206, 182, 632, 378)
(1, 69, 281, 784, 696)
(1, 464, 162, 560, 228)
(1, 358, 305, 508, 492)
(1, 412, 261, 616, 452)
(1, 445, 214, 615, 570)
(1, 411, 194, 491, 289)
(1, 825, 413, 879, 453)
(1, 380, 95, 659, 238)
(1, 815, 185, 887, 242)
(1, 393, 203, 644, 414)
(1, 237, 83, 455, 291)
(1, 440, 292, 550, 368)
(1, 375, 246, 656, 540)
(1, 384, 253, 635, 480)
0
(1, 565, 216, 726, 659)
(1, 483, 527, 849, 578)
(1, 421, 327, 647, 529)
(1, 33, 109, 998, 496)
(1, 244, 802, 536, 984)
(1, 311, 53, 559, 424)
(1, 75, 97, 195, 444)
(1, 217, 139, 654, 409)
(1, 436, 239, 602, 322)
(1, 601, 193, 805, 668)
(1, 127, 101, 251, 272)
0
0
(1, 26, 464, 520, 874)
0
(1, 859, 118, 936, 188)
0
(1, 466, 640, 534, 694)
0
0
0
0
0
0
0
(1, 602, 77, 978, 580)
(1, 907, 246, 941, 296)
0
0
0
(1, 589, 268, 653, 360)
(1, 261, 255, 900, 374)
(1, 170, 305, 477, 565)
0
0
(1, 338, 255, 421, 354)
0
0
(1, 90, 271, 117, 308)
0
(1, 578, 309, 601, 355)
0
0
(1, 509, 313, 550, 383)
0
0
0
0
0
0
0
(1, 113, 69, 898, 516)
0
0
(1, 349, 285, 389, 334)
0
0
0
0
0
(1, 834, 107, 940, 232)
(1, 71, 130, 235, 329)
0
0
0
0
0
(1, 571, 197, 624, 515)
(1, 117, 139, 146, 178)
(1, 446, 337, 494, 405)
(1, 164, 271, 194, 337)
(1, 549, 47, 658, 198)
0
0
0
0
0
0
0
(1, 92, 29, 361, 307)
(1, 517, 72, 713, 249)
0
(1, 637, 244, 746, 368)
(1, 176, 38, 577, 383)
(1, 291, 373, 745, 582)
(1, 422, 100, 467, 153)
(1, 245, 294, 522, 557)
(1, 89, 27, 558, 867)
(1, 380, 158, 584, 380)
(1, 52, 142, 352, 621)
(1, 407, 727, 553, 837)
(1, 350, 66, 797, 680)
(1, 480, 363, 554, 421)
(1, 605, 111, 940, 499)
(1, 374, 210, 680, 540)
(1, 164, 20, 746, 917)
(1, 327, 508, 590, 761)
(1, 720, 80, 771, 157)
(1, 301, 39, 459, 253)
(1, 178, 337, 472, 680)
(1, 351, 209, 757, 321)
(1, 416, 290, 587, 467)
(1, 314, 164, 668, 528)
(1, 711, 163, 856, 299)
(1, 381, 281, 540, 491)
(1, 513, 157, 985, 627)
(1, 598, 435, 805, 634)
(1, 256, 443, 314, 500)
(1, 147, 60, 292, 242)
(1, 359, 792, 413, 851)
(1, 111, 107, 683, 953)
(1, 23, 21, 373, 354)
(1, 283, 76, 923, 594)
(1, 790, 570, 925, 672)
(1, 164, 62, 604, 508)
(1, 355, 488, 462, 585)
(1, 258, 201, 737, 623)
(1, 416, 137, 549, 278)
(1, 12, 100, 441, 577)
(1, 413, 108, 736, 533)
(1, 159, 447, 538, 669)
(1, 879, 288, 997, 409)
(1, 311, 340, 485, 525)
(1, 655, 289, 902, 589)
(1, 679, 416, 766, 520)
(1, 340, 706, 678, 918)
(1, 576, 290, 713, 463)
(1, 251, 517, 472, 672)
(1, 459, 572, 650, 689)
(1, 66, 18, 449, 314)
0
(1, 292, 19, 572, 249)
(1, 478, 11, 711, 295)
(1, 374, 274, 708, 576)
(1, 297, 124, 404, 221)
(1, 469, 36, 913, 702)
(1, 345, 89, 864, 630)
(1, 558, 209, 708, 391)
(1, 334, 64, 523, 282)
(1, 15, 23, 903, 494)
(1, 294, 386, 469, 650)
(1, 272, 34, 455, 263)
(1, 612, 246, 675, 351)
(1, 225, 193, 288, 239)
(1, 356, 73, 698, 341)
(1, 140, 402, 535, 604)
(1, 321, 131, 859, 655)
(1, 542, 370, 721, 579)
(1, 413, 246, 580, 423)
