0
0
0
0
0
0
0
0
0
0
0
0
0
0
0
0
0
0
0
0
0
0
0
0
0
0
0
0
0
0
0
0
0
0
0
0
0
0
0
0
0
0
0
0
0
0
0
0
0
0
0
0
0
0
0
0
0
0
0
0
0
0
0
0
0
0
0
0
0
0
0
0
0
0
0
0
0
0
0
0
0
0
0
0
0
0
0
0
0
0
0
0
0
0
0
0
0
0
0
0
0
0
0
0
0
0
0
0
0
0
0
0
0
0
0
0
0
0
0
0
0
0
0
0
0
0
0
0
0
0
0
0
0
0
0
0
0
0
0
0
0
0
0
0
0
0
0
0
0
0
0
0
0
0
0
0
0
0
0
0
0
0
(1, 132, 167, 132, 167)
0
0
0
0
0
0
0
0
0
0
0
0
0
0
0
0
0
0
0
0
0
0
0
0
0
0
0
0
0
0
0
0
0
0
0
0
0
0
0
0
0
0
0
0
0
0
0
0
0
0
0
0
0
0
0
0
0
0
0
0
0
0
0
0
0
0
0
0
0
0
0
0
0
0
0
0
0
0
0
0
0
0
0
0
0
0
0
0
0
0
0
0
0
0
0
0
0
0
0
0
0
0
0
0
0
0
0
0
0
0
0
0
0
0
0
0
0
0
0
0
0
0
0
0
0
0
0
0
0
0
0
0
0
0
0
0
0
0
0
0
0
0
0
0
0
0
0
0
0
0
0
0
0
0
0
0
0
0
0
0
0
0
0
0
0
0
0
0
0
0
0
0
0
0
0
0
0
0
0
0
0
0
0
0
0
0
0
0
0
0
0
0
0
0
0
0
0
0
0
0
0
0
0
0
0
0
0
0
0
0
0
0
0
0
0
0
0
0
0
0
0
0
0
0
0
0
0
0
0
0
0
0
0
0
0
0
0
0
0
0
0
0
0
0
0
0
0
0
0
0
0
0
0
0
0
0
0
(1, 159, 182, 991, 381)
(1, 155, 134, 701, 633)
0
(1, 11, 144, 389, 933)
0
0
0
(1, 336, 243, 793, 549)
(1, 138, 310, 919, 626)
0
0
0
0
0
(1, 148, 85, 436, 770)
0
(1, 378, 384, 994, 690)
0
(1, 430, 34, 676, 483)
0
0
0
0
0
0
(1, 466, 91, 959, 799)
0
0
0
0
(1, 428, 353, 529, 393)
(1, 189, 437, 598, 665)
0
0
0
0
0
0
(1, 67, 227, 407, 786)
0
0
0
(1, 151, 61, 335, 464)
0
0
0
0
(1, 224, 68, 490, 551)
0
0
0
0
0
0
0
0
0
0
0
(1, 84, 38, 642, 271)
0
0
0
0
0
0
0
0
0
0
(1, 123, 165, 776, 452)
(1, 290, 93, 702, 982)
0
(1, 11, 35, 362, 523)
(1, 10, 29, 905, 683)
0
0
(1, 105, 127, 890, 551)
0
(1, 495, 37, 895, 653)
0
(1, 110, 84, 898, 571)
0
(1, 324, 72, 692, 459)
(1, 163, 82, 549, 909)
(1, 142, 95, 789, 834)
0
0
(1, 482, 87, 963, 599)
(1, 103, 77, 620, 911)
(1, 406, 340, 993, 456)
0
(1, 184, 87, 715, 531)
0
(1, 227, 154, 898, 626)
(1, 101, 41, 905, 520)
(1, 176, 71, 839, 543)
(1, 101, 64, 985, 479)
(1, 476, 215, 776, 592)
0
(1, 151, 207, 943, 378)
(1, 194, 443, 600, 649)
0
(1, 234, 146, 562, 638)
0
(1, 42, 199, 522, 646)
0
(1, 333, 267, 546, 547)
(1, 60, 58, 486, 871)
(1, 253, 56, 949, 538)
(1, 26, 60, 420, 612)
(1, 578, 212, 1008, 413)
(1, 63, 66, 764, 558)
(1, 147, 12, 479, 598)
(1, 90, 164, 908, 632)
0
(1, 270, 85, 757, 329)
(1, 334, 187, 521, 595)
0
(1, 95, 241, 583, 991)
(1, 159, 309, 941, 623)
0
0
(1, 245, 118, 862, 661)
(1, 20, 72, 690, 971)
(1, 126, 122, 580, 777)
(1, 59, 26, 942, 685)
(1, 47, 242, 92, 923)
(1, 155, 244, 754, 510)
(1, 77, 68, 589, 552)
(1, 34, 180, 981, 572)
(1, 90, 84, 877, 395)
(1, 489, 681, 617, 890)
(1, 555, 198, 915, 573)
(1, 21, 10, 421, 569)
(1, 207, 434, 813, 909)
(1, 128, 74, 406, 776)
(1, 114, 76, 889, 670)
0
0
0
0
0
0
0
0
0
0
0
0
0
0
0
0
0
0
0
0
0
0
0
0
(1, 104, 42, 551, 485)
0
0
0
0
0
0
0
0
0
0
0
0
0
0
0
0
0
0
0
0
0
0
(1, 233, 340, 260, 390)
0
0
0
0
0
0
0
0
(1, 24, 160, 24, 160)
0
0
0
0
0
0
0
0
0
0
0
0
0
0
0
0
0
0
0
0
0
0
0
0
0
0
0
0
0
0
0
0
0
0
0
0
0
0
0
0
0
0
0
0
0
0
0
0
0
0
0
0
0
0
0
0
0
0
0
0
0
0
0
0
0
0
0
0
0
0
0
0
0
0
0
0
0
0
0
0
0
0
0
0
0
0
0
0
0
0
0
0
0
0
0
0
0
0
0
0
0
0
0
0
0
0
0
0
0
0
0
0
0
0
0
0
0
0
0
0
0
0
0
0
0
0
0
0
0
0
0
0
0
0
0
0
0
0
0
0
0
0
0
0
0
0
0
0
0
0
0
0
0
0
0
0
0
0
0
(1, 280, 314, 870, 613)
0
0
0
0
0
0
0
0
0
0
0
0
0
0
0
0
0
0
0
0
0
0
0
0
0
0
0
0
0
0
0
0
0
0
0
0
0
0
0
0
0
0
0
0
0
0
(1, 218, 330, 548, 623)
0
0
0
0
0
0
0
0
0
0
0
0
0
0
0
0
0
0
0
0
0
0
0
0
0
0
0
0
0
0
0
0
0
0
0
0
0
0
0
0
0
0
0
0
0
0
0
0
0
0
0
0
0
0
0
0
0
0
0
0
0
0
0
0
0
0
0
0
0
0
0
0
0
0
0
0
0
0
0
0
0
0
0
0
0
0
0
0
0
0
0
(1, 11, 60, 130, 941)
0
0
0
0
(1, 119, 313, 285, 386)
0
0
0
0
0
0
0
0
0
0
0
0
0
0
0
0
0
0
0
0
0
0
0
0
0
0
0
0
0
0
0
0
0
0
0
0
0
0
0
0
0
0
0
0
0
0
0
0
0
0
0
0
0
0
0
0
0
0
0
0
0
0
0
0
0
0
0
0
0
0
0
0
0
0
0
0
0
0
0
0
0
0
0
0
0
0
0
0
0
0
0
0
0
0
0
0
0
0
0
0
0
0
0
0
0
0
0
0
0
0
0
0
0
0
0
0
0
0
0
0
0
0
0
0
0
0
0
0
0
0
0
0
0
0
(1, 10, 96, 315, 263)
0
0
0
0
0
0
0
0
0
0
0
0
0
0
0
0
0
(1, 610, 341, 721, 509)
0
0
0
0
0
0
0
0
0
0
0
0
0
0
0
0
(1, 156, 74, 362, 382)
(1, 892, 499, 1000, 529)
0
0
0
(1, 368, 78, 484, 106)
0
0
0
0
0
0
0
0
0
0
0
0
0
0
0
0
0
0
0
0
0
0
0
0
0
(1, 163, 495, 177, 557)
0
0
0
0
0
0
0
0
0
0
0
0
0
(1, 369, 274, 773, 493)
0
0
0
0
0
0
0
0
0
0
0
0
0
0
0
0
0
0
0
0
0
0
0
0
0
0
0
0
0
0
0
0
0
0
0
0
0
0
0
0
0
0
0
0
0
(1, 66, 147, 66, 147)
(1, 72, 219, 811, 531)
0
0
0
0
0
0
0
0
0
0
0
0
0
0
0
0
0
(1, 128, 304, 815, 619)
0
0
0
0
0
0
0
0
0
0
0
0
0
0
0
0
0
0
0
0
0
0
0
0
0
0
0
0
0
0
0
0
0
0
0
0
0
0
0
0
0
0
0
0
0
0
0
0
0
0
0
0
0
0
0
0
(1, 176, 686, 824, 997)
0
0
0
0
0
0
0
0
0
0
0
0
0
0
0
0
0
0
0
0
0
0
0
0
0
0
0
0
0
0
0
0
0
0
0
0
0
0
0
0
0
0
0
0
0
0
0
0
0
0
0
0
0
0
0
0
0
0
0
0
0
0
0
0
0
0
0
0
0
0
0
0
0
0
0
0
0
(1, 110, 211, 430, 587)
0
0
0
0
0
0
0
0
0
(1, 203, 193, 743, 558)
(1, 504, 287, 589, 991)
0
0
(1, 317, 93, 719, 371)
0
(1, 32, 315, 867, 972)
0
0
0
0
0
0
0
(1, 211, 333, 746, 508)
0
0
0
0
0
0
0
0
0
0
(1, 285, 572, 470, 921)
0
0
0
(1, 236, 369, 687, 549)
0
0
(1, 16, 315, 890, 860)
0
0
0
0
0
0
0
0
0
0
0
0
(1, 299, 343, 876, 739)
0
(1, 124, 129, 860, 658)
0
0
0
(1, 407, 29, 712, 417)
0
0
0
0
0
0
(1, 382, 609, 425, 970)
0
(1, 12, 468, 406, 954)
0
(1, 309, 18, 849, 131)
(1, 173, 89, 848, 121)
0
0
0
(1, 674, 207, 780, 500)
0
(1, 298, 233, 299, 258)
0
(1, 139, 271, 575, 921)
(1, 250, 95, 683, 928)
(1, 272, 175, 847, 681)
0
0
0
0
0
(1, 236, 113, 944, 586)
(1, 10, 91, 510, 830)
0
0
(1, 601, 266, 999, 638)
(1, 217, 177, 607, 366)
(1, 565, 214, 776, 228)
0
0
0
(1, 62, 499, 339, 539)
0
(1, 456, 380, 631, 804)
0
(1, 438, 12, 950, 387)
0
0
(1, 161, 553, 231, 597)
0
(1, 30, 264, 1005, 508)
0
0
(1, 69, 377, 882, 650)
0
0
0
0
0
(1, 313, 90, 726, 436)
0
(1, 252, 463, 252, 463)
(1, 150, 106, 241, 397)
0
0
0
0
(1, 329, 307, 903, 639)
0
0
0
(1, 74, 94, 611, 998)
(1, 86, 295, 873, 633)
(1, 214, 121, 600, 304)
0
0
(1, 128, 312, 651, 647)
(1, 445, 67, 562, 313)
(1, 194, 373, 894, 605)
0
0
0
0
0
0
0
0
0
0
0
0
0
0
0
0
0
0
0
0
0
0
0
0
0
0
0
0
0
0
0
0
0
0
0
0
0
0
0
0
0
0
0
0
0
0
0
0
0
0
0
0
0
0
0
0
0
0
0
0
0
0
0
0
0
0
0
0
0
0
0
0
0
0
0
0
0
0
0
0
0
0
0
0
0
0
0
0
0
0
0
0
0
0
0
0
0
0
0
0
0
0
0
0
0
0
0
0
0
(1, 555, 49, 897, 517)
0
0
0
0
0
0
0
0
0
0
0
0
0
0
0
0
0
0
0
0
0
0
0
0
0
0
0
0
0
0
0
(1, 107, 123, 618, 861)
0
(1, 13, 344, 475, 885)
0
(1, 309, 18, 853, 84)
0
0
0
0
0
0
0
0
0
(1, 350, 68, 733, 875)
0
0
(1, 39, 36, 695, 641)
(1, 403, 384, 797, 921)
0
0
0
0
0
0
0
0
0
(1, 240, 352, 658, 582)
(1, 247, 259, 580, 394)
(1, 199, 492, 931, 640)
0
0
(1, 120, 210, 629, 954)
(1, 180, 568, 869, 681)
0
0
(1, 63, 58, 589, 997)
(1, 253, 56, 351, 586)
0
0
0
0
0
0
(1, 124, 98, 629, 461)
0
0
0
0
(1, 221, 214, 439, 510)
0
0
0
0
0
0
(1, 167, 334, 926, 724)
(1, 31, 100, 496, 812)
(1, 12, 47, 956, 550)
(1, 12, 261, 876, 347)
0
(1, 352, 157, 944, 615)
0
(1, 146, 239, 870, 903)
0
(1, 135, 190, 958, 629)
0
0
0
0
0
0
0
0
0
0
0
0
0
0
0
0
0
0
0
0
0
0
0
0
0
0
0
0
0
0
0
0
0
0
0
0
0
0
0
0
0
0
0
0
0
0
0
0
0
0
0
0
0
0
0
0
0
0
0
0
0
0
0
0
0
0
0
0
0
0
0
0
(1, 160, 161, 877, 327)
(1, 153, 16, 453, 1007)
0
(1, 10, 219, 658, 966)
(1, 28, 78, 913, 613)
(1, 227, 55, 939, 415)
0
(1, 184, 94, 944, 576)
(1, 86, 250, 915, 636)
(1, 203, 46, 975, 671)
(1, 712, 34, 944, 459)
(1, 110, 176, 537, 519)
(1, 59, 451, 822, 979)
(1, 180, 182, 800, 530)
(1, 307, 237, 616, 986)
(1, 297, 189, 733, 955)
(1, 182, 115, 979, 695)
(1, 131, 60, 958, 561)
(1, 58, 60, 982, 587)
(1, 53, 76, 827, 917)
(1, 204, 198, 994, 707)
(1, 582, 214, 718, 410)
(1, 107, 44, 950, 582)
0
(1, 134, 209, 898, 592)
(1, 253, 94, 974, 800)
(1, 86, 186, 725, 616)
(1, 121, 84, 870, 376)
(1, 201, 105, 996, 592)
(1, 304, 109, 843, 568)
(1, 267, 210, 954, 430)
0
0
(1, 263, 58, 579, 600)
(1, 194, 152, 406, 729)
0
(1, 172, 138, 775, 650)
0
(1, 42, 92, 440, 694)
0
0
(1, 276, 281, 911, 417)
(1, 203, 461, 762, 558)
0
(1, 59, 30, 875, 573)
(1, 236, 326, 1003, 860)
(1, 257, 43, 745, 369)
(1, 178, 32, 518, 975)
(1, 228, 348, 935, 667)
(1, 150, 465, 587, 942)
0
0
(1, 364, 261, 895, 458)
0
(1, 307, 99, 619, 806)
(1, 53, 38, 558, 775)
(1, 172, 46, 924, 679)
(1, 47, 242, 619, 720)
(1, 240, 213, 913, 732)
(1, 151, 80, 650, 459)
(1, 72, 32, 997, 737)
(1, 50, 56, 703, 353)
(1, 111, 313, 623, 974)
(1, 220, 92, 929, 578)
(1, 55, 116, 967, 654)
(1, 41, 132, 801, 948)
(1, 80, 17, 966, 749)
(1, 141, 161, 973, 594)
0
0
0
0
0
0
0
0
0
0
0
0
0
0
0
0
0
0
0
0
0
0
0
0
0
0
0
0
0
0
0
0
0
0
0
0
0
0
0
0
0
0
0
0
0
0
0
0
0
0
0
0
0
0
0
0
0
0
0
0
0
0
0
0
0
0
0
0
0
0
0
0
0
0
0
(1, 10, 217, 10, 217)
0
0
0
0
0
0
0
0
0
0
0
0
0
0
0
0
0
0
0
0
0
0
0
0
0
0
0
0
0
0
0
0
0
0
0
0
0
0
0
0
0
0
0
0
0
0
0
0
0
0
0
0
0
0
0
0
0
0
0
0
0
0
0
0
0
(1, 176, 399, 498, 499)
0
0
0
0
0
0
0
0
0
0
0
0
0
0
0
0
0
0
0
0
0
0
0
0
0
0
0
0
0
0
0
0
0
0
0
0
0
0
0
0
0
0
0
0
0
0
0
0
0
0
0
0
0
0
0
0
0
0
0
0
0
0
0
0
0
0
0
0
0
0
0
0
0
0
0
0
0
0
0
0
0
0
0
0
0
0
0
0
0
0
0
0
0
0
0
0
0
0
0
0
0
0
0
0
0
0
0
0
0
0
0
0
0
0
0
0
0
0
0
0
0
0
0
0
0
0
0
0
0
0
0
0
0
0
0
0
0
0
0
0
0
0
0
0
0
0
0
0
0
0
0
0
0
0
0
0
0
0
0
0
0
0
0
0
0
0
0
0
0
0
0
0
0
0
0
0
0
0
0
0
0
0
0
0
0
0
0
0
0
0
0
0
0
0
0
0
0
0
0
0
0
0
0
0
0
0
0
0
0
0
0
0
0
0
0
(1, 83, 48, 841, 394)
0
0
0
0
0
0
0
0
(1, 145, 101, 378, 942)
0
0
0
0
0
0
0
0
0
0
0
0
0
0
0
0
0
0
0
0
0
0
(1, 47, 265, 47, 265)
0
0
0
0
0
0
0
0
0
0
0
0
0
0
0
0
0
(1, 454, 342, 571, 704)
0
0
0
0
0
0
0
(1, 518, 106, 922, 590)
0
0
0
0
0
0
