(1, 579, 69, 1242, 547)
(1, 629, 36, 757, 107)
(1, 37, 80, 334, 116)
0
0
(1, 78, 51, 397, 155)
0
(1, 274, 277, 391, 341)
0
0
(1, 276, 115, 344, 137)
(1, 18, 13, 838, 477)
0
(1, 473, 462, 775, 772)
0
(1, 267, 76, 571, 201)
(1, 49, 179, 443, 414)
(1, 478, 339, 522, 365)
(1, 41, 24, 565, 331)
(1, 108, 238, 446, 328)
(1, 208, 146, 445, 188)
0
(1, 336, 139, 464, 231)
(1, 175, 43, 586, 355)
(1, 48, 33, 238, 292)
(1, 211, 114, 314, 169)
(1, 258, 472, 378, 555)
(1, 126, 206, 244, 281)
(1, 66, 162, 529, 407)
0
(1, 204, 38, 285, 79)
(1, 426, 275, 513, 318)
(1, 334, 247, 420, 262)
(1, 147, 59, 818, 538)
(1, 254, 55, 455, 172)
0
(1, 87, 123, 624, 462)
(1, 105, 161, 343, 398)
(1, 17, 13, 308, 218)
(1, 73, 62, 425, 356)
(1, 417, 103, 645, 295)
(1, 294, 36, 581, 307)
(1, 164, 199, 418, 402)
0
(1, 57, 234, 613, 420)
(1, 94, 25, 526, 436)
(1, 433, 298, 549, 323)
(1, 125, 143, 588, 409)
(1, 17, 18, 94, 86)
(1, 108, 385, 281, 420)
(1, 223, 126, 678, 571)
(1, 212, 169, 282, 256)
(1, 152, 177, 221, 222)
(1, 315, 255, 457, 321)
(1, 324, 112, 360, 319)
(1, 77, 47, 488, 186)
0
(1, 13, 198, 320, 507)
(1, 295, 166, 358, 217)
(1, 355, 345, 395, 384)
0
(1, 174, 123, 192, 157)
(1, 152, 215, 393, 318)
(1, 93, 173, 162, 227)
(1, 211, 166, 315, 221)
0
(1, 141, 103, 424, 302)
(1, 136, 259, 445, 420)
(1, 481, 537, 1181, 916)
0
(1, 353, 24, 401, 72)
(1, 251, 117, 543, 321)
(1, 322, 239, 354, 270)
(1, 186, 146, 454, 336)
(1, 168, 325, 204, 342)
0
0
0
(1, 364, 224, 405, 270)
(1, 34, 17, 492, 268)
(1, 174, 22, 621, 443)
(1, 166, 71, 461, 270)
(1, 84, 116, 443, 410)
0
0
(1, 364, 245, 385, 262)
(1, 166, 104, 409, 285)
(1, 359, 173, 374, 201)
0
(1, 17, 211, 268, 379)
0
(1, 108, 386, 213, 464)
(1, 239, 134, 274, 167)
(1, 122, 139, 166, 168)
(1, 227, 202, 416, 374)
0
0
(1, 314, 110, 430, 373)
(1, 93, 374, 116, 401)
0
0
0
(1, 93, 56, 234, 166)
(1, 382, 279, 447, 342)
0
0
0
0
(1, 103, 153, 194, 220)
(1, 306, 182, 426, 293)
(1, 51, 101, 349, 313)
(1, 288, 203, 322, 243)
0
0
(1, 238, 192, 343, 229)
(1, 99, 190, 141, 228)
0
(1, 169, 40, 516, 354)
(1, 171, 32, 512, 278)
(1, 321, 82, 358, 112)
(1, 209, 77, 573, 343)
(1, 318, 145, 366, 180)
0
0
(1, 86, 295, 105, 308)
(1, 166, 234, 446, 297)
0
(1, 153, 136, 507, 245)
(1, 73, 112, 387, 220)
(1, 21, 239, 318, 429)
(1, 150, 40, 217, 214)
(1, 503, 225, 558, 273)
(1, 134, 103, 373, 305)
(1, 38, 87, 283, 344)
(1, 180, 281, 271, 365)
0
(1, 308, 238, 333, 261)
(1, 73, 33, 317, 304)
(1, 271, 19, 391, 140)
(1, 221, 151, 439, 326)
(1, 277, 180, 341, 190)
(1, 53, 45, 262, 69)
(1, 140, 61, 501, 539)
(1, 92, 49, 359, 280)
0
0
(1, 29, 37, 616, 435)
(1, 25, 105, 601, 330)
0
(1, 212, 241, 563, 333)
(1, 231, 77, 431, 109)
(1, 335, 185, 377, 204)
(1, 93, 19, 602, 404)
0
(1, 357, 211, 406, 498)
0
0
(1, 56, 64, 582, 395)
0
(1, 166, 158, 444, 322)
0
0
0
0
(1, 199, 395, 339, 431)
(1, 244, 242, 319, 249)
(1, 68, 47, 468, 131)
0
(1, 388, 287, 484, 321)
(1, 76, 111, 306, 132)
(1, 132, 84, 501, 223)
(1, 131, 148, 267, 202)
(1, 75, 133, 347, 493)
0
0
0
(1, 188, 382, 462, 448)
(1, 308, 241, 373, 247)
0
(1, 156, 43, 467, 142)
(1, 16, 137, 575, 340)
0
0
0
(1, 112, 44, 265, 177)
(1, 41, 22, 608, 341)
(1, 200, 87, 589, 192)
(1, 249, 264, 381, 304)
(1, 151, 42, 194, 50)
0
(1, 279, 261, 505, 327)
(1, 134, 71, 274, 120)
0
0
0
(1, 225, 118, 375, 143)
0
(1, 407, 249, 457, 269)
0
(1, 16, 129, 236, 183)
0
(1, 200, 34, 466, 366)
0
(1, 48, 31, 492, 296)
0
(1, 222, 203, 474, 256)
(1, 205, 165, 314, 212)
(1, 89, 81, 507, 134)
(1, 105, 149, 179, 164)
(1, 84, 127, 270, 138)
(1, 175, 205, 345, 474)
0
(1, 215, 112, 230, 120)
0
(1, 318, 153, 529, 375)
(1, 117, 93, 149, 109)
0
0
0
(1, 61, 100, 373, 600)
0
0
0
(1, 314, 263, 346, 278)
(1, 10, 99, 281, 176)
(1, 351, 112, 371, 131)
(1, 169, 102, 195, 141)
0
0
0
(1, 150, 140, 173, 156)
(1, 383, 167, 411, 201)
0
0
0
(1, 456, 63, 551, 97)
(1, 241, 121, 289, 140)
(1, 257, 230, 275, 232)
0
0
0
(1, 211, 138, 386, 412)
0
(1, 369, 49, 411, 78)
0
0
0
0
(1, 266, 113, 460, 232)
0
0
0
0
0
0
0
0
(1, 54, 72, 617, 459)
0
0
0
0
0
0
0
0
0
0
0
(1, 226, 182, 348, 260)
0
(1, 386, 168, 677, 316)
0
0
(1, 144, 282, 186, 301)
0
0
(1, 339, 268, 367, 289)
(1, 111, 108, 431, 592)
(1, 122, 156, 152, 172)
0
(1, 214, 151, 623, 464)
(1, 162, 59, 443, 272)
0
(1, 105, 54, 328, 386)
0
(1, 60, 88, 431, 225)
(1, 243, 169, 394, 261)
(1, 13, 122, 608, 442)
0
0
0
(1, 246, 227, 307, 253)
0
0
(1, 198, 361, 250, 383)
0
0
0
(1, 350, 272, 471, 333)
0
(1, 177, 215, 351, 239)
0
0
0
(1, 157, 111, 540, 298)
(1, 160, 29, 564, 356)
0
0
(1, 68, 66, 478, 108)
0
(1, 104, 103, 568, 438)
(1, 317, 151, 366, 191)
0
(1, 490, 142, 551, 177)
0
0
0
(1, 308, 169, 406, 265)
0
0
0
(1, 212, 16, 419, 282)
0
(1, 153, 132, 214, 186)
(1, 320, 58, 444, 105)
0
0
0
0
(1, 418, 89, 464, 108)
0
(1, 213, 130, 376, 232)
0
(1, 32, 42, 192, 360)
0
0
(1, 237, 103, 434, 228)
0
0
(1, 116, 28, 517, 217)
0
0
0
0
(1, 189, 155, 386, 247)
0
0
0
0
0
(1, 452, 476, 576, 549)
0
(1, 311, 55, 381, 256)
(1, 384, 75, 429, 149)
(1, 311, 45, 384, 113)
(1, 113, 45, 390, 391)
(1, 261, 104, 358, 239)
(1, 66, 67, 496, 225)
(1, 325, 214, 539, 335)
(1, 77, 106, 592, 376)
(1, 268, 149, 304, 168)
(1, 481, 105, 496, 130)
0
(1, 27, 16, 338, 433)
(1, 156, 71, 505, 221)
0
(1, 304, 206, 328, 227)
0
0
(1, 83, 260, 112, 280)
(1, 479, 276, 514, 310)
(1, 243, 60, 612, 336)
0
0
0
(1, 179, 77, 596, 336)
(1, 218, 48, 431, 327)
(1, 400, 244, 462, 392)
0
(1, 260, 120, 442, 220)
(1, 106, 149, 193, 236)
(1, 234, 264, 257, 276)
(1, 180, 40, 472, 399)
(1, 307, 240, 369, 267)
0
(1, 58, 82, 518, 537)
(1, 280, 392, 312, 418)
(1, 289, 369, 314, 397)
(1, 47, 110, 365, 391)
0
0
(1, 277, 328, 320, 370)
0
(1, 223, 280, 292, 359)
(1, 42, 109, 568, 323)
(1, 77, 330, 344, 382)
(1, 77, 236, 123, 292)
(1, 433, 172, 690, 259)
0
0
0
(1, 280, 124, 585, 424)
0
(1, 447, 106, 541, 181)
(1, 385, 558, 402, 579)
0
(1, 437, 63, 479, 122)
(1, 326, 208, 395, 317)
(1, 164, 227, 214, 261)
0
0
(1, 317, 157, 338, 174)
0
0
0
0
(1, 391, 192, 435, 317)
(1, 360, 239, 390, 268)
(1, 349, 253, 431, 356)
0
0
(1, 265, 225, 304, 232)
0
(1, 226, 80, 565, 267)
(1, 184, 234, 209, 300)
0
0
(1, 65, 95, 309, 197)
0
(1, 367, 243, 471, 287)
(1, 483, 205, 776, 769)
(1, 233, 285, 352, 305)
(1, 243, 190, 419, 330)
0
(1, 180, 111, 253, 120)
0
(1, 217, 229, 339, 336)
0
(1, 41, 69, 302, 275)
0
(1, 203, 218, 366, 284)
(1, 322, 231, 760, 982)
(1, 163, 238, 310, 327)
0
(1, 100, 46, 340, 309)
(1, 123, 207, 489, 251)
(1, 344, 206, 498, 304)
(1, 196, 201, 426, 404)
0
0
(1, 195, 388, 257, 416)
0
(1, 133, 46, 541, 218)
(1, 256, 160, 466, 302)
(1, 436, 95, 1125, 1027)
0
(1, 433, 270, 466, 275)
(1, 36, 66, 716, 482)
0
(1, 70, 17, 607, 540)
0
0
0
0
(1, 223, 165, 396, 255)
(1, 354, 162, 427, 250)
0
(1, 333, 76, 406, 424)
0
(1, 239, 162, 453, 268)
0
0
0
0
0
(1, 159, 120, 442, 309)
0
(1, 207, 96, 558, 184)
(1, 41, 15, 598, 465)
0
(1, 298, 194, 352, 215)
0
0
(1, 275, 157, 302, 166)
0
(1, 280, 212, 359, 261)
(1, 71, 127, 545, 308)
(1, 503, 604, 559, 627)
(1, 80, 104, 223, 159)
(1, 223, 157, 243, 175)
0
0
(1, 168, 246, 589, 357)
0
(1, 87, 73, 368, 221)
0
0
(1, 345, 141, 353, 163)
(1, 284, 211, 409, 266)
0
0
0
0
(1, 160, 162, 627, 407)
0
(1, 103, 72, 521, 185)
(1, 155, 332, 304, 343)
0
0
0
(1, 25, 74, 613, 348)
(1, 186, 185, 345, 234)
(1, 39, 149, 538, 239)
(1, 227, 179, 420, 287)
(1, 101, 54, 448, 279)
(1, 439, 186, 531, 201)
(1, 309, 226, 366, 253)
0
0
0
0
0
0
0
(1, 183, 26, 451, 363)
(1, 202, 11, 406, 257)
0
(1, 155, 98, 254, 108)
(1, 342, 181, 656, 851)
0
0
(1, 250, 185, 407, 207)
(1, 98, 197, 440, 774)
(1, 168, 151, 408, 200)
(1, 34, 105, 572, 237)
0
(1, 325, 321, 484, 340)
0
(1, 211, 40, 554, 320)
0
(1, 272, 221, 698, 388)
0
0
(1, 90, 66, 380, 225)
0
(1, 79, 186, 549, 290)
0
(1, 75, 75, 456, 347)
(1, 290, 116, 388, 192)
0
(1, 186, 76, 487, 366)
0
(1, 86, 76, 483, 289)
0
0
(1, 306, 206, 416, 215)
0
0
(1, 237, 287, 573, 360)
(1, 98, 25, 505, 447)
0
(1, 151, 259, 248, 363)
(1, 249, 180, 389, 311)
0
(1, 141, 170, 325, 259)
(1, 87, 78, 116, 125)
0
0
(1, 115, 90, 766, 382)
0
(1, 34, 136, 558, 358)
(1, 413, 207, 461, 239)
(1, 259, 182, 339, 286)
(1, 50, 71, 207, 171)
(1, 94, 223, 153, 248)
(1, 133, 41, 474, 107)
(1, 294, 196, 408, 237)
(1, 427, 195, 475, 236)
(1, 292, 128, 563, 385)
(1, 91, 117, 396, 340)
(1, 82, 183, 161, 219)
0
(1, 463, 103, 477, 135)
0
0
(1, 101, 107, 124, 131)
(1, 306, 191, 580, 551)
(1, 18, 25, 298, 581)
0
(1, 106, 323, 192, 391)
(1, 202, 235, 320, 306)
0
0
(1, 29, 137, 176, 448)
(1, 55, 84, 341, 260)
(1, 227, 182, 612, 435)
(1, 267, 237, 498, 453)
0
(1, 636, 377, 696, 387)
(1, 149, 58, 518, 285)
(1, 116, 80, 132, 98)
0
(1, 70, 196, 195, 370)
(1, 264, 263, 384, 364)
(1, 175, 116, 279, 206)
(1, 120, 138, 330, 295)
0
(1, 237, 221, 445, 462)
0
(1, 145, 390, 251, 421)
(1, 67, 34, 491, 407)
0
0
(1, 354, 124, 376, 152)
(1, 215, 180, 268, 201)
(1, 144, 207, 161, 228)
0
(1, 274, 65, 331, 90)
(1, 84, 103, 595, 434)
(1, 416, 230, 524, 359)
(1, 57, 72, 384, 378)
0
0
(1, 87, 241, 255, 335)
0
(1, 38, 42, 481, 284)
(1, 96, 120, 493, 151)
0
(1, 61, 44, 547, 411)
(1, 210, 172, 516, 244)
(1, 174, 286, 329, 320)
(1, 37, 57, 358, 343)
0
(1, 268, 170, 331, 200)
0
(1, 109, 69, 549, 339)
(1, 65, 298, 349, 446)
0
(1, 38, 16, 625, 410)
(1, 222, 44, 592, 405)
(1, 157, 254, 515, 357)
(1, 258, 110, 263, 172)
(1, 252, 26, 445, 257)
(1, 286, 191, 498, 295)
0
0
(1, 155, 91, 392, 157)
(1, 17, 46, 627, 345)
(1, 174, 99, 289, 183)
(1, 221, 48, 425, 89)
(1, 124, 146, 482, 257)
(1, 35, 20, 429, 418)
(1, 37, 27, 341, 406)
0
(1, 295, 58, 481, 83)
(1, 372, 404, 453, 429)
(1, 420, 230, 474, 244)
0
0
0
(1, 309, 27, 558, 223)
0
(1, 91, 180, 176, 208)
(1, 254, 176, 349, 291)
(1, 228, 233, 521, 359)
(1, 143, 125, 519, 291)
(1, 189, 181, 303, 210)
(1, 325, 70, 395, 312)
(1, 160, 123, 527, 212)
(1, 112, 154, 556, 541)
(1, 47, 184, 534, 325)
0
(1, 402, 193, 625, 240)
(1, 264, 365, 333, 379)
(1, 189, 100, 297, 142)
(1, 36, 103, 314, 409)
(1, 187, 92, 570, 222)
(1, 68, 116, 534, 255)
(1, 56, 163, 567, 326)
(1, 237, 112, 478, 165)
(1, 38, 26, 605, 299)
(1, 264, 268, 383, 295)
(1, 104, 80, 322, 313)
(1, 234, 199, 359, 237)
0
(1, 257, 158, 338, 209)
(1, 313, 27, 636, 312)
0
(1, 464, 226, 523, 235)
(1, 338, 207, 522, 269)
0
(1, 142, 78, 301, 398)
0
(1, 66, 61, 427, 377)
(1, 84, 161, 302, 256)
0
(1, 180, 249, 406, 316)
0
(1, 173, 176, 438, 253)
